0.0328260548
0.2873595655
0.2636220753
-0.0744311512
0.1459764093
0.2526158988
0.1767931730
0.1404696554
0.1651624292
0.2841264307
0.2777714729
0.2877196670
-0.1082102656
0.2175224274
0.2529395819
0.0755645782
-0.1753004789
0.0859294832
-0.1043644026
0.3353890777
-0.2197536826
0.0775036812
0.0904358476
0.2081493437
-0.4785925746
-0.1576328129
0.0129565950
0.1019470692
-0.0802283734
0.0929605886
0.1083784103
0.0477429628
-0.4683842361
-0.2385601699
0.1043543071
-0.0953675732
-0.1088298708
-0.3322138786
-0.1431538910
-0.3344705999
0.0860024765
0.2813853025
-0.0097268187
0.1857911050
0.3086852133
0.2248612940
-0.3046562970
0.1842432022
0.3151620924
0.1285005659
-0.3241494596
0.2618886530
-0.0140984738
0.0580474585
0.1622374952
0.0466111489
0.0483087040
0.0081075197
-0.5154401064
0.2965373099
0.2217537910
-0.2068146467
0.4635899961
0.2719269395
-0.1842627525
0.1166604161
-0.3496669233
-0.0845133588
0.1002788395
-0.1045257300
0.1226474196
-0.2080219388
-0.2739040256
-0.0763610378
-0.1079487950
-0.5386474133
0.2901123166
-0.1795196533
-0.2635244727
-0.3445504308
0.1658722162
0.0725786015
-0.3322693408
0.3020760119
0.2896166742
0.1166256890
-0.5415086746
0.2398426980
0.1275754124
0.3512934744
-0.5544169545
0.3710980117
0.3271797001
0.0492664389
0.0468351841
0.2874434888
0.1092844233
0.2822149098
-0.2276699245
0.1191691756
0.2488807589
-0.0337385684
0.4627643824
0.1287848949
0.2738962770
0.1872427911
-0.1479012668
-0.1436590850
0.2931210101
-0.1837245077
0.2655414939
-0.3386905193
0.3191073537
0.0289057884
0.3041506410
-0.5182092190
0.2023759782
0.1035358608
-0.0313154608
-0.4677712023
0.0190648194
-0.0309681352
-0.3050174713
0.1201328635
0.1368308067
0.1635679156
-0.4526652098
0.1814456135
0.2105180025
0.3229414225
-0.2517465055
0.2984701097
0.1712640822
0.0122683598
0.0830925629
0.3107109368
0.4361816943
0.2321873158
0.0439029336
0.0952225178
0.0345986634
0.2799386680
0.2051026374
0.4197307229
0.4723721147
0.2134476304
0.3019374609
-0.3955238760
-0.0098048272
0.3020030260
0.3104637563
-0.1033496037
0.3127281666
0.1170466989
0.3498120308
-0.4297581017
0.2198940516
-0.0040615750
-0.1070119143
-0.3961140811
0.0167102907
-0.1656803340
0.0624909215
0.1879564524
-0.3387947679
0.0494170710
-0.3077615201
0.0038288115
0.1440105289
0.1739893556
0.4988883734
0.2155604213
-0.2226145416
0.1161955222
0.2049559951
0.1720170081
0.1533055902
0.1801157147
0.5110465884
-0.2542769015
-0.2544091940
0.0241671558
0.2669574618
0.4266847372
0.1958557516
0.1121938080
0.4156852663
-0.4121738076
-0.3325659037
0.0971378088
-0.0575927421
0.0057198410
0.2027993202
0.0330486111
0.1282486767
-0.2137462199
-0.3498965502
0.1415062547
0.0862145647
-0.0793788359
