0.0439603366
0.2465795726
0.1326495260
0.0761841685
-0.0476377159
-0.0889426544
-0.0265586209
-0.0041185571
-0.0272362065
0.1070849150
-0.0779108927
-0.0068529425
0.1131959483
0.0620497242
0.0128651028
0.1441562027
-0.0222482793
0.0953045115
0.0908982009
0.0118223270
0.0978270695
0.1720304042
-0.1406021714
-0.0108666578
-0.0460176468
0.0776214302
-0.0927576646
0.0048624999
0.0281557646
0.0978405699
0.1068954915
-0.0518826731
0.0434529074
-0.0532056205
-0.0646301657
-0.0021756380
0.0668037906
0.0214022882
-0.1355054379
-0.2114380598
-0.1643639505
-0.1100324839
0.0227315240
0.1177223027
-0.1351025105
-0.0498514660
-0.0625221953
-0.0745121092
-0.0057584210
-0.1605857611
-0.0135340178
0.0301383920
0.0465426855
0.1126421690
0.0452728532
0.0050269021
0.0961794928
0.0748435333
-0.1840568632
0.0114620272
-0.2204374671
0.1450058371
0.3374595046
-0.2081700116
0.1475579143
0.1934460104
0.0810943544
-0.0944570452
0.0030361107
0.1283525974
-0.0945229828
0.0662604645
-0.0828518495
0.0823900253
-0.2191838175
0.0203353688
0.1240026355
-0.0870727301
0.0333115496
0.0310965534
-0.0944537669
0.1902749240
0.1054154485
-0.0871766210
-0.0930298865
0.1809435040
-0.0003367063
-0.0202664286
-0.0194136519
0.0510845631
0.0143759651
0.0793535411
0.0607083552
-0.0522077158
0.0492906161
-0.0151942512
0.1567516029
0.0222601276
0.1593410671
0.0297552217
-0.0004463014
0.1109022200
-0.1550509036
0.0715922564
-0.2039652169
-0.1722762734
-0.1648739576
-0.0518258400
0.0883501023
0.1542437971
0.0236058012
0.0664128661
-0.1324705929
-0.0408880748
0.0772792473
-0.0940305218
0.0056556202
0.1546842307
0.0200458281
0.0670715943
-0.0745696127
-0.0330229253
0.0291075520
-0.0673032403
0.0546098761
0.0661904216
0.2442651987
-0.0566201657
-0.0360568278
0.2407290041
0.0697359070
-0.0613388121
0.0071134865
-0.0905270949
-0.0646252558
-0.0497166812
-0.0734981596
0.0526780859
-0.2596021891
0.0297376569
-0.0396136567
-0.0506287552
-0.1924512088
0.0315925479
0.1015099809
0.1143125072
-0.0340438783
0.0104201408
-0.0169076994
-0.0060168281
0.0613280162
0.0084729819
-0.1824296117
-0.0894652084
-0.1831236184
-0.0075329165
-0.1168611646
0.0043977923
-0.0933146775
0.1048558950
-0.0913272202
0.0116920294
0.0478133187
0.0015808274
-0.0741868690
0.0381383970
-0.0418377295
-0.1951528490
0.0115098832
0.0942712203
0.0791950002
0.1430427134
-0.0381518155
-0.1856277734
-0.5004017353
0.1533628106
-0.0682396069
-0.2338274121
-0.0177185573
0.1098222062
0.0092763146
0.2202328444
-0.0562928207
-0.0499711372
0.0285760444
-0.1225916147
-0.2394711077
-0.0834048539
-0.2071294636
0.0771576986
0.0331933647
-0.1294179559
0.0934994370
0.1311086267
-0.0420251898
0.0172005221
0.0549803264
0.0352527127
-0.0382636301
-0.0486412868
-0.0279203095
0.0589188300
-0.1340926588
-0.0950640067
0.0904095694
-0.0505836606
0.0020018653
0.0671297982
0.0787883550
0.0357526056
-0.0983394459
0.0581194647
0.0466047935
0.0372408181
-0.0848423541
0.0092968168
0.0040706405
0.0434519574
-0.2527519464
0.0878024101
-0.0622643419
0.0824130252
-0.1202720329
0.0932990983
-0.0361944772
-0.1457857639
0.0585762225
0.1403758079
-0.1058417708
-0.0229562409
0.0533668734
-0.0403986722
-0.0960218385
-0.0537809953
-0.1501867920
0.1172463223
-0.0509733334
0.0400783531
0.0316089094
-0.0544475168
-0.0841769874
0.1366025060
0.0208550990
-0.0082894946
-0.1072980314
0.1986670196
0.1136879846
0.0549746007
-0.0647492111
-0.0121561717
-0.2098028809
-0.1229621843
0.0474382937
0.1462517530
-0.0248075482
-0.0338595808
-0.0701864585
0.0746549517
-0.0348910056
0.0513741560
-0.0408903882
-0.1376187205
0.0287214387
-0.0265241042
0.0005711526
0.0428827591
-0.2673167288
0.0738813505
-0.0869467109
-0.1295157820
-0.1388653368
0.1091743633
-0.0341007337
-0.1218237504
0.0156790335
-0.0099373972
-0.0651002750
-0.1674157679
0.0174537785
-0.0467796922
-0.0603510141
-0.0824522972
-0.1907996535
0.0375287309
-0.0912770703
-0.1459206939
-0.2941764295
0.0452971011
-0.1218916550
0.1893701255
-0.1049422547
0.0612274408
0.0027308136
-0.1301683784
0.0588492304
-0.0977187529
0.0137616480
0.0048756720
-0.1915616989
0.1617676318
-0.2552160621
-0.1353401989
-0.3355608881
0.1184781864
0.0194070209
-0.1490283012
-0.1512022167
-0.0202135537
-0.0767784193
0.0854444653
0.0433732383
-0.0223268457
0.0497902445
-0.0036619795
-0.2010713369
0.0291236714
-0.1024159789
0.0426097624
-0.0798263252
0.0262086112
0.1320079863
-0.1201895028
-0.1022794023
-0.0693500936
0.0921847522
-0.1808964312
0.0268726274
0.0674552172
-0.0196202621
0.0449039973
0.0344960205
-0.1508675218
0.1001894698
-0.1436797380
-0.2658182085
0.0251885001
-0.0664528385
0.0944071934
-0.0705841258
-0.0154904937
-0.0531919785
-0.0450170264
0.0552286580
-0.0223061070
-0.1406057924
-0.0841332078
-0.2494095713
-0.0347825810
-0.0187295843
0.0614367127
-0.1463847160
-0.0739968717
0.0429713354
-0.2789426744
0.0716155544
-0.0094336299
-0.1859646142
-0.1690572649
0.0483586304
0.0613582991
0.0443903990
0.0218543410
-0.0093651982
-0.1183428988
-0.2300160229
-0.1477701366
-0.2019162923
0.0247550867
0.0455338210
0.0724512786
-0.0121350288
-0.0348616913
-0.0534607433
0.0528741628
-0.0264651980
0.0564547554
0.0028057997
-0.1577352732
-0.1616472006
-0.0022058010
-0.1290474683
0.0221520122
-0.0490833111
-0.1726139933
0.0223586950
-0.1722052395
0.0608923472
-0.0608004555
0.0097016962
-0.1311307549
-0.0260994993
0.0854349509
-0.0087539554
0.0675911009
-0.1616554409
0.0063043395
-0.0832519606
-0.0803430900
-0.1629753113
-0.0276506357
-0.0453566909
-0.2037983835
-0.1025551930
0.1094893739
-0.1005486324
-0.1697012782
-0.0141949933
0.0491991490
-0.1061843932
-0.0974361897
-0.1236664802
0.0250723828
-0.0990122631
-0.0932453945
-0.1892023385
0.0745664313
-0.2386597842
0.0611135736
-0.1483036876
-0.0920789614
0.0943180174
0.1172036380
0.1609882712
-0.1394443363
-0.0101542333
-0.0399455689
-0.3175693452
0.1496340334
-0.2375776023
0.0085433172
0.1012030318
-0.0361972414
-0.1129677966
-0.1825890243
-0.1390395761
0.1359081417
-0.0778093487
-0.1899037063
0.0347479060
0.0487328321
0.0873241425
0.0375292748
0.0040770769
-0.0949180797
-0.1025325656
-0.0411038511
-0.3451486528
-0.1459184885
0.1309738308
-0.2351462692
-0.0532916524
-0.0015581398
0.0180408750
-0.3181765079
0.1235381067
-0.0354344547
-0.1472959667
0.0955383554
0.0698800385
0.0165557433
0.0558048561
-0.0130852573
-0.2230395824
0.1093419865
0.0385494716
-0.1817027032
-0.1338040978
0.0178168099
0.0602736883
-0.0594760031
-0.1001910716
0.0613664947
0.0590083152
0.0512186736
-0.0987776592
-0.0223692320
-0.1745554358
-0.1209813729
-0.2656191587
0.0193292554
-0.0595782995
-0.4285345674
0.0700191185
0.0082195932
-0.2093691081
0.0000096623
0.0426000319
0.0352068096
-0.1134606898
-0.0451753363
-0.0277172290
0.0185904317
0.0575845428
-0.0129532805
-0.1226686984
-0.1120516732
0.0862606317
-0.1120415404
-0.0813029930
0.0057190526
-0.1165677980
-0.1662468314
-0.0535942093
0.0183011685
0.1422027200
0.0097163264
-0.0605397783
-0.0225004330
-0.2369198054
0.0042539071
-0.3957354426
-0.2693656981
-0.0870491192
-0.2624622583
-0.0006383265
-0.0499211736
0.0657891855
-0.0409985222
-0.0156617779
0.0250326060
-0.0467009880
-0.0424089208
-0.1759028882
0.0444076918
-0.0229493082
-0.0356096625
-0.1185773984
-0.0009181097
0.0001019608
-0.3568851352
0.0522354208
-0.0926466733
-0.0180270988
0.0774824619
0.1004727706
-0.0078212218
-0.0280161258
-0.0814802647
-0.0974286124
0.0094469646
0.0865142569
-0.0594709553
-0.1956535578
0.0502107292
-0.2393443584
0.0998672396
-0.0580190904
0.0519522242
0.1065892801
0.1814209372
0.1167524308
-0.1113451794
0.1544240862
-0.0088225324
-0.3192402422
-0.1283972561
-0.1647655964
0.0178960748
0.0781220496
-0.0794449300
-0.0190548319
-0.1167766154
-0.0494531468
0.0105342530
-0.1909792572
-0.0861679167
0.1872391254
0.2401619107
-0.0555114187
-0.1162734032
0.1511838436
0.0324283838
0.0477178991
-0.0418727621
-0.0285759345
-0.1228742972
0.0517108999
-0.2560349405
0.0380429365
-0.0572948009
-0.0721593350
-0.1660399586
0.1065488905
0.1105876565
-0.2319086045
0.0715268180
0.0101548415
0.0181097835
0.1961690187
-0.0795933604
-0.2164065838
0.1335238814
0.0205975473
-0.3242893517
-0.0803944990
-0.0945374444
-0.0246884115
-0.1112990156
0.1196863726
0.0022268724
-0.0451874770
-0.0594803132
-0.0200504307
-0.0716468170
0.0604722351
-0.0000169734
-0.2547717690
0.0646988302
-0.0378921367
-0.2848415077
0.0951912999
-0.0461085774
-0.2142014056
0.0493137203
-0.0229966715
0.1058057770
-0.1884887666
-0.0466881804
0.0138551435
-0.0392358303
0.1853569001
-0.0236258470
-0.1106461734
0.0637263730
0.0302206557
-0.2753167748
-0.0754376128
0.0352678113
-0.0354094245
0.0144175682
0.0591181442
0.0071221087
-0.0700405613
0.0548794270
0.0857306495
0.1798604131
0.0077178460
-0.1071957722
-0.0089628138
0.0129064787
0.0790845677
0.0750529468
0.0608267225
-0.0970573425
-0.0124938665
-0.0829021856
-0.1310468316
-0.1074085906
0.0788630769
0.0689340383
0.0326457061
-0.0646848381
-0.0179903619
0.0724092424
-0.1163764074
0.1443261504
-0.0580026433
0.1130770445
0.0697279125
0.0801382586
-0.0025888789
-0.0164743215
0.0703095347
0.0107197780
-0.0130011700
0.0096849240
-0.0935029835
-0.0152181881
0.0435894728
0.0172420722
0.1630956680
0.0130962189
0.1204493493
0.0731395185
-0.1800191402
0.0428283252
0.2529240549
0.0187224001
-0.1361456215
-0.2426925302
-0.0532654487
-0.0567873120
0.2149078101
0.1852136552
-0.0106030852
-0.2233920395
-0.1853291094
-0.0416714549
-0.0849665701
-0.2653708160
0.0180206876
0.0655080453
0.0568792857
0.0029778546
-0.0014920015
-0.2292851657
0.0552863181
-0.0037577252
-0.1288867146
-0.0883914754
-0.1571074873
0.0134239011
0.2671271563
-0.2305115014
0.0135313934
0.0202736910
0.0541866422
0.0195158739
-0.0179148000
-0.0175030455
0.0068831034
0.1055589765
-0.0424792804
0.0733684152
-0.0454441719
-0.1120030731
0.0092458520
-0.1571958065
0.1640986502
0.0845490769
0.0138716465
-0.0142127508
0.1162193939
0.0445984341
-0.0362872928
-0.0364511609
0.0479322188
-0.0250642821
0.0300678704
0.1444002688
-0.1091201231
-0.0768956020
0.0183876622
0.0969423354
0.1198663712
-0.0245861653
0.0503571257
0.1996235251
0.0810201019
0.0273040570
-0.0606918633
-0.0383223146
-0.0042530308
0.1942290068
0.0151109928
-0.0047914083
-0.0124200433
-0.0017462084
0.1419891566
0.2205855101
0.1827758402
0.0060191494
0.0469375178
-0.1810695231
0.0339156725
0.0139935771
-0.0885363892
0.0250546373
0.0948979780
0.0128574818
0.0152298333
0.0157353561
0.0050279521
-0.1714125872
-0.0586678609
0.2720606029
0.2670175731
-0.0639921203
-0.0729967207
0.2826159000
0.0082938792
-0.0746124238
0.0249960683
-0.1703872681
-0.1043023542
-0.0350394994
-0.1097234711
0.0378908515
0.0585715435
-0.0615694262
0.0020632488
0.0891840532
-0.2162222117
-0.0356735252
-0.0590779334
0.0850370675
0.1548496634
-0.0160857886
-0.0129897101
-0.1585772038
-0.0428462289
-0.0456341244
0.0114302849
-0.0082476186
-0.1396846473
-0.1174712703
0.1076627448
0.0247001257
-0.0168132801
0.0960665941
0.1474109590
-0.0316520296
0.0714473128
0.0475358292
0.0817193240
-0.0689018890
0.0060713799
-0.1405490190
-0.0316200405
-0.0036804790
0.0437779129
0.0371273570
-0.1507277489
-0.2966088951
-0.3332496285
-0.0010006168
-0.1045906022
-0.1139712334
-0.0778894797
0.1246762946
-0.0951098651
-0.0427473262
0.0263838060
-0.3088266551
0.0686584041
0.0165484734
-0.1012104005
0.0371620320
-0.1531525999
-0.0376570262
0.2600008547
-0.0531183369
0.0219577402
0.2699102759
0.1163970083
0.0526724532
0.0937973261
-0.1565345824
0.0622482561
-0.0440979749
-0.0893225595
0.0907477140
0.0763034597
0.0638561621
-0.0308836848
0.0349326916
-0.0251720529
0.0719582066
0.0610388294
0.1470363289
0.0842196271
0.1105932221
-0.0030616813
-0.0007483043
0.0942210108
0.0836195722
-0.0745408982
0.0323257744
-0.0424239151
-0.1075650081
0.0452565178
0.1362566948
-0.0180261135
0.0192539189
-0.2066407502
0.1516120136
-0.0838230625
0.0470539965
0.0336088091
-0.1113495976
0.0326101705
-0.0327457301
0.1411436200
0.0361145400
-0.1729083061
0.0232848618
0.1136500090
0.1307515353
-0.1484288573
-0.0055923122
-0.0922013223
-0.0492567830
0.0676263869
0.0401600339
0.0567344241
-0.0669491664
0.0294469707
0.0329194255
0.0940410644
0.0169189498
0.0066760005
-0.1012294441
0.1580405533
0.2198880911
0.1215727478
-0.0815917552
-0.0457375608
0.1005966663
0.2004724592
-0.0058603296
0.0114421099
-0.0081606749
-0.0418372191
-0.0169519000
-0.1042886749
0.0724732280
-0.1082950160
0.0631281435
-0.1421668082
-0.0083306003
-0.1925901026
0.0147049967
-0.0454030111
0.1939714402
0.0100537734
-0.0975285023
0.1111345217
-0.1542883217
0.0542804189
0.0766185746
-0.0719045177
-0.0101777883
-0.1557995975
0.0558046587
0.1074882597
-0.1048941165
-0.2898273468
-0.0746551231
0.0972566828
-0.1982811689
0.1308804005
0.2186873257
0.0217586551
0.0420897827
0.0047935508
-0.0218086820
-0.0585504249
0.0332370251
0.0430913419
0.1672059894
-0.1853430569
-0.0154818706
0.1324062943
-0.0855531693
-0.1299685091
-0.1103063151
0.1074756682
-0.0392787904
0.1177435666
-0.0995010510
0.0245511252
0.0507710725
0.1025921479
-0.0298278946
-0.1878094077
0.0668572485
0.0977081656
-0.1107964367
-0.1117971689
0.0117325010
-0.1026734710
0.1169869378
-0.0301103517
-0.0060457303
0.0538916737
-0.1794443876
0.0141297532
-0.0030362573
-0.0873648450
0.0115883360
-0.1983785778
0.1169231012
-0.1294203103
0.0427638777
-0.3208092749
0.0544298440
0.1158275232
0.1353080869
0.1158445328
-0.0105584357
0.1073919162
-0.1576071978
0.0407259651
0.0541995279
-0.0611240081
0.0958370790
-0.1343134344
0.0363443829
-0.0947805718
0.0187099800
-0.2162129581
-0.0845139921
-0.1581191570
0.1465741247
0.0464615226
-0.0262353178
0.0298738647
-0.1267479807
-0.0448580347
0.0509732366
-0.0122105433
0.0633935481
-0.0220928658
0.0549514703
0.0135188801
0.1116927341
-0.2388947159
-0.0428155921
-0.1810860932
0.1235346049
0.0822433010
-0.0342228226
0.1750681996
-0.0724915937
0.0181578044
-0.0664138198
-0.0559737049
-0.1268115789
0.0635316670
-0.0868417248
0.1583768278
0.1550315917
-0.2425428480
-0.1278644949
-0.0417852737
0.0869801715
0.0267474614
0.0321119390
-0.0103589222
0.0260380171
-0.0073095961
0.0710184649
0.0175696686
0.1038108245
-0.0385953449
-0.0068295207
-0.2358563691
-0.0838964880
-0.0459022596
0.0125333508
-0.0171157923
0.1593359262
0.0506177768
-0.1140137017
-0.0162472315
0.0058863871
0.0321487039
0.1113872156
0.0169546567
-0.0449257828
-0.2105101496
-0.0164315719
-0.2225333899
-0.0812986344
-0.0550028980
-0.0652211607
0.1044878140
-0.2633688748
0.1292741150
0.0863766000
0.0159350354
0.2520804703
-0.0245074965
0.0556729324
0.0164148696
0.0818350613
-0.1198015288
0.1458140612
-0.0866015926
-0.1689394265
0.0658678189
0.1427617967
-0.2329532206
-0.0387733653
-0.0020643803
0.2044236660
0.2179356813
0.0039283945
0.1523586065
0.0358793736
0.1263215691
-0.0186407007
-0.1095080525
-0.0460955836
0.0488692150
0.0943738744
-0.1749754250
-0.1452236325
-0.1697229296
0.1530588418
0.1038491651
0.0359447710
-0.0325899310
-0.2360727042
-0.0133692101
0.0531560183
-0.1286309063
-0.0494293831
-0.1579016596
-0.0524687208
-0.1004383639
-0.1433532685
-0.2902785838
-0.1205489859
-0.0258856006
-0.0468635112
-0.0274227504
0.0675027668
0.1552426815
-0.1639808267
-0.0956855714
-0.0428277813
-0.0252513252
0.0885270387
-0.0840426311
-0.0223151110
0.0060515986
-0.1310658157
-0.1448242515
0.0161156710
-0.2008364648
0.0377863571
0.1351068765
0.0179296881
0.1049019918
0.0008284430
-0.0733735934
0.1263024956
0.1113316566
-0.0495495275
-0.1150841713
0.0287376083
-0.1339999586
0.1951519549
0.1344811022
-0.1605105400
-0.0589225069
0.2307443321
0.0437820517
-0.0223470069
0.1018594205
-0.1051133052
0.0823371857
0.0505779870
-0.1027662307
-0.1225604117
-0.0396025740
-0.0344231389
0.0361253917
0.0608205162
-0.1720223427
-0.1707805693
-0.0219142567
-0.0858658552
0.0862216726
-0.1802735180
0.0402435847
-0.0564546958
-0.0723057389
-0.1057232693
-0.0446510874
0.0202141311
-0.2260344028
-0.0445676073
-0.2411023080
-0.0503929853
-0.0838802308
0.1343631297
-0.0514472947
-0.1366417408
0.0298773237
-0.1365491003
0.0473834947
0.0033817310
-0.0942388922
0.0199014582
-0.0897626877
-0.0758058950
-0.2291768342
-0.0416204706
-0.1008848548
-0.0537346117
0.0312335864
0.1533525437
0.2067833096
-0.1547639072
0.1218920350
0.0533997826
0.1679124683
0.1057386249
0.1028882936
-0.0452933908
0.1161684394
0.1584792733
-0.0914525837
-0.0521285534
0.1006114110
-0.1075556055
0.0651629418
0.3341423869
-0.2119904310
-0.1011772379
0.0664559752
0.0611495338
-0.0266189557
0.2052497864
-0.0692342594
0.1455901712
0.0196083188
-0.0376030765
-0.1299347728
0.0558547936
-0.0325578004
-0.0127687119
0.0856875330
0.0841696188
-0.1686617583
0.0859186575
0.0913470909
-0.1538196504
-0.0037230144
-0.1213623732
-0.0854368359
0.0998717323
-0.1067020819
0.1182176322
-0.1135362387
0.0005846719
-0.1223854348
0.0652797669
-0.0305713005
0.0251211450
-0.0668536499
-0.0383181088
0.1376724839
-0.0962455645
0.0227965061
-0.0871179625
-0.0312533230
0.0758138373
0.0144420993
0.0800698027
-0.1783956587
-0.0042993193
-0.1644309461
0.0144592496
-0.0490565263
0.0591571406
-0.0621816367
-0.0428810790
-0.0819722041
-0.0427592918
-0.0841379240
0.1179797947
-0.1278356463
-0.0169549361
-0.0066224867
0.0917209312
-0.2773139775
-0.0802573189
0.1802902222
0.0685148537
0.1155583039
0.2093619853
-0.1100685969
-0.0305634327
0.0250837989
-0.0143732335
-0.0565572530
0.0559734255
-0.1274842769
0.0436988026
-0.0109500429
0.0482572280
-0.0107167838
0.1473290324
-0.1396613568
0.0486289114
0.0263692215
-0.0065640709
0.2363218665
0.0553934909
0.2051729411
-0.0100226402
-0.1483230889
-0.1877697408
-0.0358938202
-0.1507124454
-0.0241657700
0.0007584919
0.0975426883
-0.0331155621
-0.1376180649
-0.0386968441
-0.1000904143
-0.0445033349
0.0507117324
-0.0773472041
0.1837024242
0.0705340654
0.0273782089
-0.0924071819
-0.0638308972
-0.1294179857
-0.0639365092
0.0275187027
0.0331564136
-0.0480395257
-0.0779065713
0.0765476078
0.0560004786
0.0181795228
0.0819680169
0.1552663296
-0.1127404496
-0.1963727921
0.1805822402
-0.0374470539
0.0180868320
0.0981335044
-0.1624835879
-0.1764125228
-0.0355567150
-0.0020973231
0.0543691032
-0.2467042506
0.0361111499
0.0820631236
-0.2013667375
-0.1781209111
-0.0453347564
0.1677912772
-0.0241765138
-0.2140430361
-0.1204860806
-0.2830873430
-0.0163750611
0.0425192304
0.0857247859
0.1495663226
-0.1360187829
-0.3113822639
0.4007107317
-0.1660054475
0.0604926720
-0.2344122529
0.1770517677
-0.0379472524
-0.0354024135
0.0422966033
-0.0555932596
-0.2060413063
0.0336951502
0.0622451901
0.1344655305
0.0134758782
-0.1045470312
-0.1234128401
0.0670234859
-0.0363156907
0.1032281891
-0.0786905736
0.2218619287
-0.0309149623
-0.0234567225
-0.1651687473
-0.0491268225
-0.0602215864
0.1280153692
0.0413649641
0.0490510464
0.0153318560
-0.1269629300
-0.0163186826
-0.0008459105
-0.0254280232
-0.0405227654
-0.0441234112
-0.0946673974
0.1286521405
-0.1174567193
-0.0345383547
0.0357533433
-0.1430977881
0.1323876530
0.0851117969
-0.0919288620
-0.0021436473
0.0238182675
0.2537434697
0.1103019938
-0.0036230930
-0.0573047958
-0.2735228837
0.1544987261
0.1889937371
0.0299009383
-0.0819472373
0.0048279217
-0.1587430388
0.1347604096
0.1332874596
-0.0787350088
-0.0522839129
-0.0020025431
0.1092399955
0.2687379420
-0.1484597921
0.2419440001
-0.0395634398
0.0607948974
0.0118746264
0.0498321764
-0.0041381414
-0.0973398536
0.0425176919
0.0934909806
0.1588081419
0.1594456136
-0.0521124192
0.1235688552
0.1132975295
-0.1040799171
-0.0229153149
0.1295237094
0.0967551693
0.1142363921
-0.0044233948
-0.0639080182
-0.2033931166
-0.0400452353
-0.0321462341
0.0843275711
0.1569917202
0.0507570244
0.0664355084
0.0596314818
0.1917010248
-0.1447444707
-0.0889462084
0.1777316630
0.0727272853
0.0524268895
-0.0658854395
-0.0994562060
-0.0525732003
-0.1355395317
0.0934797227
-0.1787775904
-0.1221718416
0.1441954672
-0.0072286194
0.0991763696
-0.3645555377
-0.1797309965
-0.0214403663
-0.1009496823
-0.0798478723
0.0571636558
-0.0008867602
-0.0916857794
-0.1205706745
-0.0371266641
-0.0584434979
0.0041023954
-0.0012348751
-0.1384060234
0.0941202193
-0.1290738434
-0.1055205688
0.1415493786
-0.0412663519
0.1352214366
0.0850524902
0.0888663232
0.0767263994
0.1270631552
-0.0349357985
0.0619380288
-0.0499206111
-0.0793593228
0.0648471788
0.1236187816
-0.0944244564
0.0374405570
0.0717796832
-0.1548660100
0.0529036485
0.0652695224
-0.0510878675
0.1152066812
0.0509691834
-0.0860280469
-0.0353699513
0.0766958520
0.0183705408
0.0395872071
0.0086932257
-0.0744820088
0.0606030636
0.0609874763
0.1596098244
0.0099998489
-0.0530226715
-0.0109766712
0.0335740745
-0.1681577116
-0.1692966223
-0.0910664350
-0.1514907926
-0.0432962514
0.0726104155
0.2021464407
0.0095883477
-0.0486028455
0.0502449274
0.1029419601
0.2185334414
-0.1759663671
0.0645482615
-0.1368829459
-0.0788318142
-0.0705674812
0.0011287767
0.0168812964
-0.1946209967
0.0336844437
-0.1187221184
0.0685199797
0.1828290820
0.0514584295
0.0599114597
0.0580389388
0.1856956780
0.0000659921
-0.0882523879
0.1408837885
-0.0607077070
0.1289180666
-0.1324417442
0.0398475751
0.0272425581
-0.0518010184
-0.1332666725
-0.0843533278
0.0735447258
0.1122599915
0.0724077150
0.0806565285
0.0992174372
-0.0805297643
-0.0958402604
0.1598822176
0.0334825739
-0.0368511342
-0.1273007542
-0.0627681836
-0.1342146397
-0.1252617687
0.0065917117
-0.1174563542
-0.0384789892
0.0598879643
-0.0466875769
0.1602317095
0.0949828103
-0.2162588835
-0.1725921482
0.1122974828
0.1207882538
0.0746741071
0.1822826862
-0.1903100461
0.2004380226
0.0149276005
0.1124354377
-0.1276642978
-0.0435452834
-0.0289900620
0.0171486679
-0.2997123599
-0.1530025899
0.0213816762
0.0304447152
-0.1844928712
0.0648948625
-0.0093747601
0.0422811024
0.0073932195
-0.1305101812
-0.0850925222
0.1598761380
0.0973580778
-0.0592562295
-0.1458141804
0.1563932151
0.1118833274
-0.0204200391
-0.0932325646
-0.1765214801
0.1652074307
-0.0123029388
0.1920237988
-0.1034062430
0.0449330807
-0.0547027327
0.0594262443
0.1177411973
-0.0762347281
0.0426087342
0.0898324251
0.0962036103
0.0281261057
0.1297946125
-0.3659091592
-0.0272091888
0.0563075133
0.0258142054
0.0371565148
-0.0163029395
-0.0410638750
-0.1053677052
0.1011489183
0.0620703213
0.0892408118
-0.0406964645
0.0024684211
0.1042860597
0.0600334816
0.0672049299
-0.2677221894
-0.1071815640
-0.1065258831
0.0765067711
0.0252214447
0.0000580672
0.1149510890
-0.0151727321
-0.0824950039
0.0612814501
-0.1162341312
0.0241014529
0.1154409796
0.1663520038
0.3667432368
0.1020776629
-0.1459921747
-0.2234448791
0.0263458770
-0.0130125200
0.0409806184
-0.1378436089
0.1366226226
-0.1787208319
-0.0784703866
-0.0608720854
0.0905739069
0.0786044151
-0.0343203992
0.0436943322
0.2265222818
0.0865609050
-0.2525064945
-0.2961901724
0.2642165422
0.0039714207
0.1757324785
-0.0589162223
0.1221309826
-0.0034555434
0.0997795388
-0.1059946418
-0.0699554607
0.0637103543
0.0681170821
0.0238775518
-0.0338013582
0.0085397502
-0.1070908010
0.0431409366
0.1744925529
0.1067561284
0.1145963967
0.0332592763
0.1617716253
0.0166973416
-0.0686055794
0.0584856793
0.0013573846
0.0244176146
0.0958802700
0.0653356686
-0.0866155624
0.0664774477
0.0774054974
-0.0106686680
0.1360678673
-0.2427172810
0.0530035831
0.0330962949
-0.2679001093
0.0484400019
0.1750880927
-0.1134435460
-0.0260296948
0.2505468428
-0.1619929075
0.0829396993
-0.2411228716
-0.0993917286
0.0741803125
0.1880667955
-0.1517942995
0.1831163168
0.0765316784
0.1086068749
0.1369359791
0.1035646647
-0.1220462322
0.1692088991
-0.0606123097
0.0185830072
-0.1209495887
0.1125675440
0.0467241071
0.1070139110
0.0211998932
-0.1860010773
0.0407136530
0.0946899801
0.1413648427
0.0362444036
0.0547551997
-0.0086555379
-0.1453195214
0.0588026941
-0.0581867024
-0.0067481059
0.0099661648
-0.0306155868
-0.0307128374
-0.0167859066
-0.0483851582
-0.0042541684
0.1078959703
0.0631183982
-0.0638775602
-0.0339721069
-0.0056826309
-0.0521147437
-0.0675499737
0.1094815806
-0.1265102476
0.1156225204
0.1554795206
0.0029865247
-0.0173925366
-0.0198108498
-0.1662012935
-0.0473078005
-0.0211490486
0.2764147222
0.0548358671
-0.0580842681
0.1577256620
0.0176675376
0.0600016341
-0.0274207387
0.0931788161
0.0771849453
-0.1439773291
0.0639586821
0.0648408905
0.0693913624
0.2069666535
-0.0686453581
-0.1055549309
0.2274859101
-0.1156158596
-0.0636672974
0.2057027370
0.0746156350
-0.0632146075
0.0657347217
-0.0880908445
0.0171274934
-0.0237138625
-0.1328821480
0.1112671494
-0.0176750626
-0.0476733372
-0.1286434978
0.1801126152
-0.0310470313
0.0169883221
-0.0222519357
0.0899358392
0.1935949922
0.0622014403
-0.1798655987
0.1274520159
-0.0362115577
0.1175374463
-0.0347548388
-0.0788872167
-0.0088693630
0.0343856327
0.0948697925
-0.0011570555
0.1291459650
0.0940529257
-0.0062535368
0.0324670412
0.0601526387
-0.1144702956
0.0667906627
0.0825251937
0.1231752336
-0.0037870726
0.0056969966
-0.1279741079
-0.0790542290
0.1214914545
0.0295028891
0.1362796724
-0.0647883415
0.0355279930
-0.0509954318
0.0843332782
-0.0337301977
0.1024190411
-0.2334510982
-0.0075576887
0.1433318406
-0.0048727863
0.0543010235
-0.0557739064
-0.1208501384
0.0298476666
0.3029833734
-0.0523008630
0.0372611955
0.0523314737
0.0060060341
0.0012656401
0.1531355083
-0.0809860304
0.1592925787
0.1390084475
0.1004784554
-0.2598755956
-0.0244673919
-0.1331551820
0.0351718068
0.1695893109
0.2237037271
0.0280556828
0.0434513055
0.1168325916
-0.0530699864
-0.0045566377
0.0874672011
-0.0419085808
-0.0651712492
-0.0261798184
-0.0168014094
-0.1589312553
-0.0160571653
-0.1226162538
0.0521429703
-0.0013453990
0.0076035000
0.0037081225
0.0215690881
0.0205141418
-0.0547077768
-0.0159080513
0.1808816493
0.0521363579
0.0165185109
-0.0558151193
0.0660080910
0.0757807419
-0.0776332393
-0.0918633118
-0.0286234394
0.0658935979
0.0110231265
-0.0952393338
0.0547056645
-0.0687682033
-0.1240303218
0.0263575874
-0.0367518552
-0.0500481166
-0.2541573644
0.0451913066
0.1188572124
-0.1441619247
-0.0838948041
0.0452085994
0.0865535289
0.2390689850
0.2729733288
-0.0655503795
0.1045706868
0.0675177500
0.0312324315
0.1518656313
0.1689739525
-0.0969021618
0.1078333408
0.1061531976
-0.0098101292
0.0020786584
-0.0427270420
-0.0521091670
-0.0196410250
0.1896908283
0.1167855859
0.1509940028
-0.0008784151
0.1021132097
0.1808873713
-0.1038590670
-0.0604256503
0.0894187689
0.1161516607
0.1411095709
0.0017819508
0.1736161560
-0.0428212695
-0.0417579450
0.0231190957
-0.1284291893
0.0979841873
0.0383062512
-0.1604569554
0.1345406920
0.1851767451
-0.0761096627
-0.1730636805
-0.0852990150
-0.0326773971
0.0202479381
-0.0458994284
0.0068807881
-0.0683804229
0.0040691714
-0.0351959467
-0.0341068543
0.0936837792
-0.0815762356
0.1750159115
-0.4557482302
-0.3078055978
-0.0960833058
0.0634935349
0.1020465419
0.3021688759
-0.2084880918
-0.1511744559
0.0761845559
-0.0761757046
0.1775028110
-0.0072177402
-0.1077039763
0.1136018485
-0.0427393466
-0.2641257048
0.1708848923
-0.0755947679
-0.0206510071
0.0675334632
-0.1777376682
-0.1478891969
-0.1258137822
-0.1212541386
-0.0133960564
0.1461573541
0.0574125275
-0.2558648288
0.2758520842
-0.1192239970
0.1771383584
-0.0472153537
0.1147465557
0.1266139746
-0.0571982227
-0.1151303053
-0.0277644359
-0.1224236190
0.1134370193
-0.0207167305
0.0409342758
-0.1381466687
-0.0047950712
0.0206287522
-0.0227926895
0.0336003937
-0.0082393438
-0.1331353933
-0.0243247617
0.2400037944
0.0438631698
-0.1757751703
-0.0108064571
-0.1528716683
0.0248485226
0.0894449204
-0.0067910613
0.0551250130
-0.0544845313
0.0812471285
0.0551675372
-0.0354375616
0.1194015145
-0.0792671964
-0.0559905395
0.1096371338
-0.1511581242
-0.0260645859
0.0202472843
-0.0020311624
0.0671753660
0.0636981726
-0.0695129260
0.0127638262
-0.2128215581
0.0812927559
-0.1259890646
0.0094627449
0.0146923643
-0.2381964773
0.1759371161
0.2362875044
0.1389671862
-0.1793398559
0.0184073001
-0.2889772356
0.1379065067
0.0021016980
-0.0179818328
0.1308717579
-0.0194512457
-0.0267763063
0.2112507820
-0.0643190891
-0.0950850695
-0.0935749710
-0.0505711548
0.0807872415
-0.1910713166
-0.0215141699
0.2172714621
-0.1514531076
0.1721044034
0.1285926253
0.0243733861
-0.0888956711
-0.1285228580
0.1701912582
-0.1444723606
-0.1035824642
0.0807387903
-0.1582721323
-0.0638988689
0.0563439354
-0.1585540771
-0.0291323401
0.0375232436
0.0206224266
0.0481155924
-0.0322015993
0.0684835911
0.0108420802
-0.0238680597
0.1130780503
-0.1827693135
-0.0391109549
-0.0626814291
0.3234156072
-0.1219870746
0.1361819804
-0.1018887237
0.0714648515
0.0105943792
0.1104341000
-0.2751193941
-0.1995471120
0.1205580384
-0.0623211041
0.1560185552
-0.1881897300
0.0774287805
-0.0460776053
0.1316089034
-0.0390451811
0.0181611422
-0.1569219530
-0.0432121977
-0.0893921033
0.0561959557
0.2475605160
-0.1041728109
-0.2335778475
-0.0943114012
0.0709104389
0.0537558123
0.0786533728
0.0268466119
0.0429522432
0.2107364088
0.0265598167
0.0229354762
0.2107609212
-0.0405971631
-0.0473938175
0.0121641345
0.0541090779
0.1578890085
0.0533406958
-0.0004018761
0.0089841923
-0.2054791301
0.0410007872
-0.2530496716
0.0011753388
-0.1013306752
-0.0657077506
0.0205188673
0.1398542821
-0.0241172276
-0.0964358151
0.1696565747
-0.1536025256
0.0851295814
0.0532795042
0.0831103399
-0.0452527702
-0.0120178210
0.0670681968
-0.0807455033
-0.1295279115
0.1109784991
-0.1643885821
-0.1841022223
-0.1433678716
-0.0803393275
-0.0518664345
0.0494258925
-0.0776639506
0.0142740523
0.1914303005
0.0231609233
-0.0087552788
0.1318119615
0.0792101547
-0.2637468874
-0.0234078690
-0.0592929833
-0.2408833653
-0.0620133877
0.0285253581
0.0659503192
-0.2855897546
0.0170978475
-0.0170185454
0.1065344438
-0.0422595851
0.0602692254
0.1696224064
0.0573395379
0.0518788695
-0.0356304646
-0.1781533211
0.1736488044
-0.1385482103
0.0439956039
0.0758325681
-0.1362063736
-0.1116997078
0.0723226517
-0.1282207817
0.1271481216
0.0614456125
0.1901439577
0.0245772973
-0.0309732221
0.0820609853
-0.0000205694
-0.0114111481
0.1143422648
-0.0820887685
0.0182002857
-0.1106011420
-0.0478559397
0.0328101031
0.0587644763
-0.0558183566
0.1227567047
0.1454655081
0.1723596752
-0.0843263716
0.1295558512
0.0094747115
-0.0346630439
-0.0326288454
-0.0438289531
0.3464172184
0.1672465503
0.2419795692
-0.1445922703
0.1146820858
0.3329002559
0.1564428955
0.0220350288
-0.1435146928
0.0035142233
-0.1682901084
-0.4281350970
-0.1531131566
0.1567775905
0.0863769054
0.0116181020
0.1729121357
-0.0041067889
-0.0973786116
-0.2124923021
0.0178268664
-0.1572372466
0.1507184058
-0.0569001622
-0.0006608950
0.0953799859
0.1500843465
0.2511378527
0.0555904023
0.0038554259
-0.2808257937
0.2758926451
-0.0631202310
0.0621020682
0.1071814820
-0.0576959625
-0.1225363910
0.0871643797
-0.0446900614
0.0023670082
0.0917161629
0.1707991511
0.0925066322
0.0438372865
0.1224539280
-0.1292696595
-0.0352164656
-0.0170602202
-0.1590616852
0.1365703195
-0.1032886058
-0.0631929040
-0.0518012382
0.1372750998
0.0558102652
0.0267184731
0.0945955217
0.0169242807
0.0407208651
0.1126230657
0.0063304943
-0.2457684577
-0.0134992357
0.0725653693
0.0285925008
-0.0956705213
-0.1551209539
0.0576445200
0.0445562005
-0.1106097251
-0.0815845281
0.0224411860
-0.0277312454
0.1297211498
0.0813210011
0.3351398706
0.0413333252
-0.0814956576
-0.2593576610
0.0163441692
-0.1434213072
-0.0557285510
-0.1527943909
-0.0291306637
0.0089332201
-0.0427452773
0.0963868871
0.0352088846
0.0993583798
0.0414678380
0.0187880937
0.2651979029
0.1022549495
-0.1127395406
-0.2546531558
0.0687874109
0.0203085598
-0.1227923408
-0.0175649226
0.1800713837
-0.0556584112
0.1489869654
-0.0167641919
0.0727472082
-0.0643500537
0.0601790510
-0.0392305292
-0.0941182598
-0.0190909095
0.0852588117
-0.0325024463
0.0804473385
0.0885368213
0.0209665932
0.0153227579
0.1325717568
0.1382437646
-0.0519330986
0.0494179316
0.0070788949
-0.0521890745
0.0286725257
0.0068131159
0.0128006125
-0.0027947114
-0.0170765854
0.0871251747
-0.0058478126
0.1232952401
-0.0588465072
-0.0187239833
-0.3097452819
-0.2301712930
0.2769423723
0.0181437898
0.0948945507
0.0998754278
-0.1762288660
0.2122959942
-0.3595708609
-0.2068178505
-0.0334655046
0.1063710451
0.0942470208
0.2385661155
-0.0822962075
-0.1080169007
-0.0729314238
0.0671188682
-0.1470347047
0.0718080401
0.0678190440
0.1673453152
-0.1065884531
0.0010709628
0.1281552464
0.0812319443
0.1377900988
-0.0107273497
0.1779881418
-0.0419157892
0.1019452214
0.0862905458
0.0364626348
0.0828399658
0.1512608230
-0.0266042240
-0.0335193463
0.0390370488
0.0834435523
0.0044512749
-0.0684707016
-0.0208234992
0.0042978353
-0.0072216713
0.1025366113
-0.0430750810
-0.0610531941
0.0702649057
0.0781183764
0.1714758575
0.0703629926
0.1016017944
-0.0225159936
0.0342440568
0.0637570247
0.0771134272
0.0179033857
0.0781280324
0.0757429153
-0.1590393335
0.1003067344
0.0312867612
-0.0180792306
-0.2066537291
0.1642125100
0.0416629650
0.0661993846
-0.1435582936
0.0583158880
-0.0911584869
0.0235084873
0.0515221469
0.0561503805
-0.0140501251
0.1670421660
0.0097047798
0.0008710177
0.0110579450
-0.1113740802
-0.1303251386
0.2366434634
0.0513125658
-0.0064645153
0.0619422495
0.0269244928
0.0218871310
0.1184570566
-0.1134927422
0.1165190563
0.0564916879
0.1202160418
-0.1437891424
-0.0264440477
0.1458991766
-0.2120010406
0.1007940918
0.1998283565
0.1020559892
0.0569762103
-0.1556943208
0.0442133062
0.1415559202
0.1540933400
0.0253482237
-0.1634533703
0.0157776289
-0.0183690637
0.0312033836
0.1344743669
-0.0462010764
-0.0794316381
-0.0574503690
0.0453806408
0.1042705476
0.0318761915
-0.1904547811
0.0042433273
0.1161567196
0.1758874655
-0.0337631814
-0.1318714917
-0.0315969288
0.0953813642
0.0938138738
-0.0904010087
0.1217017323
-0.0320076458
0.0698468834
0.1497521996
-0.1332567036
-0.0557779372
-0.0230377186
-0.0030121068
0.1821123511
-0.1211719662
0.1213543266
0.0305297561
-0.2300564796
-0.2715256214
-0.3470384181
0.1059020162
-0.0306636393
0.0842572227
-0.2356308550
-0.0896807089
0.0426964723
0.0431666225
-0.1811965555
0.1351916194
0.0790522248
-0.1271971166
0.0736522302
-0.0723861754
-0.0280806292
0.2250022590
0.2485174090
0.1946400255
-0.0043626586
0.0366179347
-0.0488001965
0.1456253976
0.0335716158
0.1271349490
-0.0777675435
0.0030079915
-0.0376405530
0.1048473120
0.0415558554
-0.2071930170
0.0256918631
0.0093816454
0.0710071325
-0.0307111982
0.1100741923
-0.0552457683
-0.1062612161
0.0738870054
0.1671373695
0.0347090401
-0.0557606854
0.0163243059
0.1911762804
0.1329194456
-0.0915072337
-0.1167128310
0.0203902032
0.0538164377
0.1067546830
0.0218602940
0.0809677392
-0.0041863569
-0.1053714231
0.0754771158
0.0446667336
-0.1031745747
-0.2017118931
0.0137008131
-0.0652484670
0.2192125022
0.0521081574
0.1689864397
0.0561426580
0.2559040189
0.1334278584
0.0840897560
0.0520639271
-0.1273527443
-0.1572489291
0.0987028033
0.0976709425
0.0013053560
0.0290998630
-0.0798263177
0.0490451567
0.1619058698
-0.1280549914
0.0198927857
-0.0809270144
0.1264134049
0.0540743098
-0.2197659761
0.0215001758
-0.2708541751
0.1331072152
0.1353877634
0.0468719974
-0.0462065935
-0.0645002723
0.0591596402
-0.2895070314
0.1093379557
-0.1801318973
-0.0209716689
0.0285072215
0.1301174909
0.1182537153
-0.0592735261
-0.0559684113
0.0205845684
0.1591179669
0.1516791433
-0.0344021954
-0.1020222306
-0.0313071683
-0.0222834181
-0.2512575090
0.0623119660
-0.0962827802
-0.0508271754
0.0301583763
0.0707357004
0.0343864225
-0.2044270337
-0.0931462348
-0.1238232255
-0.3366523385
-0.1614419669
0.0993221998
-0.0438500196
0.0580493920
-0.0316745639
-0.1341927648
0.0254802238
-0.0275461115
0.0310931318
0.0402516052
-0.0731007531
0.0124137513
0.0403578691
0.0428461805
-0.0116999503
-0.1999183893
0.0229952596
-0.0009126852
-0.2418281287
0.2767944038
-0.0856415853
-0.2787643373
0.0900032967
0.0102002593
0.1036049426
0.0419040322
0.0306924209
-0.0826858729
0.0966823921
0.1694803685
-0.1576679051
0.2148321718
-0.0551599301
-0.1560907364
0.0760783330
0.1111938804
0.1110736951
-0.1560062170
0.1176278293
-0.0522466376
-0.0139753781
0.0760323778
0.0028182752
0.0040159137
-0.0348109528
0.0432233661
0.0268900786
-0.0271332711
0.1269865334
0.0329693779
0.0421000272
-0.0729410052
0.1474074423
-0.2237051874
0.1612621695
-0.0249382351
-0.0771773830
0.0250991844
0.0441966504
0.0082894191
0.0410529971
0.0083832974
-0.0443190336
0.1547412425
0.1205297559
-0.1545427144
0.0415850878
0.0102453334
-0.1170976833
-0.1632978767
0.1268551499
0.1662150919
0.0219491497
-0.0848702416
0.0731540993
-0.0672247410
0.0031209791
-0.1430141777
-0.0938193798
0.0886395574
0.0075166011
-0.0132949045
-0.0190706216
0.0848149806
0.0938938409
-0.2629849911
0.0291742925
0.0469119474
0.0343054645
-0.0460906960
0.0406585857
-0.1070447192
-0.3000018001
-0.0495260991
-0.2174976319
0.0322714895
0.0586464219
0.0259755962
0.2406775504
-0.0820868239
0.1328292191
-0.2203619629
-0.0093488572
-0.0651457831
-0.0616951101
0.0779649615
0.0365013815
0.0076758950
-0.1332406998
-0.1036110371
-0.1583513021
0.0296454392
-0.0830218643
-0.0028515938
0.1858456880
-0.0380161740
0.0912256241
-0.1099742427
0.1091371700
0.0191848967
0.0417230353
-0.0288160667
0.0190515723
-0.0086627249
-0.0510858297
0.0981822684
0.0663071722
-0.1049901471
-0.1898991317
0.0904159248
-0.2230322659
-0.0794847086
0.0515697449
-0.2906191051
-0.0090009235
-0.2379787415
0.3270843327
0.0604111180
-0.0483916178
0.0088358130
0.0853765085
0.2078839988
-0.1137631461
-0.2802825272
-0.1885868013
-0.0881724358
-0.1349759996
0.2041461021
-0.2088718712
-0.1617668867
0.0827640072
0.0325957537
0.2527430654
-0.0473603606
0.0447623879
0.1005787775
-0.0181582514
0.0881246924
-0.2491621077
0.1507939100
0.0172394589
0.0393729992
0.1796071976
0.0376062170
0.0758366212
0.0132195195
-0.0290961340
-0.0709780604
-0.0842715576
-0.0329372771
-0.0971579328
-0.0740025863
-0.0801409483
0.0018107640
-0.0156204896
0.0311113019
0.0877564251
-0.1145720631
0.0039154636
0.1015350446
0.1573609710
-0.1231301874
-0.0284841713
-0.0133460313
-0.0058241095
0.1281650066
-0.0697593540
-0.0247760229
-0.1456830055
-0.0450458042
-0.1162582636
-0.0341929086
-0.1409759820
0.1140804365
0.2585731149
-0.0920051038
0.1038291678
-0.0437886454
-0.0338861533
0.0967195183
0.1907823831
-0.1128186360
-0.1771283001
0.0201800112
-0.0386664532
-0.0875687674
-0.0585057512
-0.0096846810
0.0558851250
-0.0241020732
0.0625869483
0.1249509454
-0.1388519108
-0.0242453404
0.1240466908
0.1529332250
-0.0140283629
0.1099160016
0.0473336764
-0.1132438555
-0.2661203742
-0.1565918773
-0.1582578272
0.0693614781
-0.1857960224
0.0545344241
0.2070344239
0.0303004999
0.0525599904
0.0176613051
0.0827730224
0.0665105134
-0.0176210459
0.0734297782
0.0185558274
0.0253509022
-0.0348283015
-0.0240149535
-0.0536184944
0.0018735494
-0.0637422651
0.0482624806
0.0997147262
-0.0631833822
0.0107307937
-0.0098549156
0.0140774641
-0.0695659071
0.0418389030
0.1257421374
-0.1203907579
-0.0478139520
0.0423768423
0.2413350195
0.1033192724
0.0339520387
0.1239326671
-0.0594957359
-0.0524085909
0.1624828428
0.0066236025
-0.4344038963
0.0325367190
-0.0075434805
-0.1558301449
-0.2041693479
0.1582200229
0.0566164777
-0.0324548930
0.0705650076
-0.2732952535
0.0113223856
-0.2003989667
0.1368453652
-0.0795096457
0.0361193977
-0.0004512775
-0.0282296780
0.0923796594
0.0011405895
0.3916527033
0.0672588646
0.1285753846
-0.0875645652
-0.0154421832
0.0501499251
-0.1912596971
0.2075904459
-0.1476955861
0.0136474231
0.2479875833
-0.0026449342
0.1529199183
0.0526018105
-0.0193900932
0.0719708577
0.0995326340
0.0419405177
-0.0619310290
0.0117785716
-0.0689712390
-0.0537710413
-0.1647069901
0.0661846697
-0.1538757682
0.2054376155
0.0750805065
-0.0464611128
0.0790036619
0.0150015522
0.0164376423
0.1121181324
-0.0266204849
0.0103759989
-0.0759637058
-0.1115287840
0.0273240712
-0.1484651864
-0.1247735620
-0.0414536484
-0.2637357712
0.1448253095
-0.1050297990
-0.1321312040
-0.0670197159
0.0576559976
0.0262101125
0.0693683401
0.2021035403
0.0745036900
0.0487318225
0.0624776259
-0.1043315753
-0.0541109890
-0.2405200154
0.0583585277
-0.0553385951
0.2242865115
0.0029839070
-0.0202121269
-0.0903175548
-0.0096116215
0.0967623517
0.0520264655
0.1907656640
0.0273797214
0.1334871501
-0.0992273465
-0.1131328940
-0.0475863777
-0.1217010021
0.0464988537
0.0256804377
0.0815238282
-0.0054075494
-0.1899482459
0.0627492145
0.1070765033
0.0046780952
0.0420741998
-0.0190210920
0.1224866435
-0.0595446900
-0.0127065089
-0.1526818871
-0.1317546219
-0.0724419802
-0.0337066390
-0.0342454985
0.2119974345
-0.0142866001
-0.2013090104
0.0555296950
-0.0255263727
0.1399992108
-0.0913034827
-0.0379360206
-0.0294453502
0.0153993228
0.0417516194
-0.0576769896
0.1341767311
-0.0631936118
-0.0640544146
-0.1949094832
-0.1476073414
-0.0626336783
0.0449350029
0.0276201684
-0.0596988462
-0.0912742838
-0.0041511320
-0.1408507675
-0.1358839571
-0.0893638805
0.0475932993
-0.0869701132
0.0628495365
-0.1434559375
-0.1630159467
-0.1275069863
-0.0058564995
0.0829777494
-0.1603175849
0.0704921186
-0.1451859772
0.0621575564
0.1463572234
0.0784314722
-0.1011237800
0.1531393826
0.1637046337
-0.0556961074
-0.0654815584
-0.1360246986
0.1102447361
-0.0728645250
0.1182023361
0.2694080770
-0.0840179473
0.1142949089
-0.0204305667
0.0815779045
0.0646795407
-0.0491496474
-0.0699439719
0.1283155531
0.0176553261
0.0253605507
-0.0668309778
-0.0741079599
-0.0369960070
-0.0870624036
0.1617233157
0.0347169414
-0.0985064805
0.0669585541
-0.0524668731
0.0247183554
-0.0538829081
0.1072210148
-0.0614685826
-0.0276576579
0.0341786593
-0.0332647376
-0.1511797607
0.0102541745
-0.1371937692
0.1780554652
-0.0189695321
-0.0475496128
-0.1782696098
0.0678448603
0.0728851184
0.1100311130
-0.0497785322
0.0474503450
0.0755216405
0.1218785793
0.0147390608
-0.0877219215
0.0160651803
-0.1600851715
0.0457896739
-0.2506094277
0.1072076261
-0.0598518662
-0.0035396931
-0.0864636227
0.1286913455
-0.0019844226
-0.0600430034
0.0401870273
0.0022474341
0.1173766777
0.2230700552
-0.0677902624
-0.0017199717
-0.0656675622
-0.0919724032
-0.0505741164
0.0569702722
-0.0524972305
-0.0934379846
-0.0065660244
0.1033056378
0.0659148097
0.0384513289
-0.1118400767
0.0515956394
-0.0181047339
0.0666163415
-0.1415089518
-0.0327914469
-0.0449958742
-0.0622253083
0.1388697922
0.0556973070
0.0889257714
-0.0948244333
-0.0288044233
0.0421908349
0.1715733707
-0.0403882489
0.0351352468
-0.0784668326
0.1263764203
0.0992232710
-0.0544856936
0.0241486449
0.0124217346
-0.0532822423
-0.0781281143
0.0435211658
-0.1465074420
0.0349778607
-0.0419899411
0.0328336023
-0.1383836865
-0.0126313437
-0.0865769610
-0.2680088878
-0.4630307555
-0.3560871482
-0.0317364261
0.1025913209
0.0196832530
-0.1207746416
-0.0225796774
0.1009424552
-0.0247768592
-0.2805818617
0.1815885603
-0.1433156580
0.0119873816
0.2072843462
-0.0034117007
-0.1093408242
0.1707534939
0.1922356784
0.0476033986
-0.0378246158
-0.0679812729
0.0934935734
0.1758456528
0.1451678425
0.0018145845
-0.1699031442
0.1534157991
0.0996137261
0.0416919626
0.0583844185
-0.1515622884
-0.1252382100
0.0204157513
-0.0362085216
0.0700763389
-0.1174405217
-0.1468913406
-0.1283538342
0.0364304595
0.1001354679
-0.0034285197
-0.0292745661
0.0202262495
0.1129364818
-0.0459422730
0.0021096547
-0.0345021524
0.0705288425
0.0959667414
0.1179282367
-0.0755219311
0.0682307854
-0.2273911536
-0.0879712179
0.0505959317
0.2179917842
-0.0703449696
-0.1067960039
0.0877746791
-0.0429101326
0.1960967630
-0.1068609431
0.1762925237
0.1193591058
0.0233944878
0.0381956808
-0.2416191101
0.0483749323
-0.0507530272
-0.1247753948
-0.1491562575
0.2251804620
-0.1367695183
-0.1494944990
0.0176712945
-0.1576796621
0.1083528996
-0.0076412787
0.0954993069
0.0080831144
0.1009467244
0.2395467609
