0.1004855484
-0.0957115814
0.1974407583
0.1901708394
-0.4003148377
-0.1609851718
-0.1259117275
0.0836701542
-0.1268359721
0.0697939992
0.0370007865
-0.0226257723
0.0582726821
0.0394469835
0.1675024778
-0.1557428837
-0.0165335890
0.1733714342
-0.0854603723
-0.0788274631
-0.1916997582
0.0390048176
0.0535143614
0.0351596698
-0.1936978996
-0.1263373345
-0.2276665121
0.0726803839
-0.3334111571
-0.2938195765
-0.2040196508
-0.1365041882
0.1648610979
0.0468453094
-0.1760854721
-0.1977191716
0.0646172687
0.2871865332
0.1770330071
-0.2359009981
-0.1801156104
0.1169403791
-0.1869830936
0.0451502949
0.2016000003
0.1468899846
-0.1520881653
-0.0448698550
0.0439105332
0.1375388950
0.1608611643
0.0034634164
0.0614994019
-0.3136241734
-0.0385819860
0.1435209215
0.1129559949
-0.1919684708
0.1595968753
-0.0049477289
0.0918448418
0.1505210102
0.1379213780
0.1015653238
-0.0002158034
-0.3312885165
-0.0888439864
0.0425829217
-0.0927301794
-0.0774218440
0.0079879938
-0.2107156366
0.2698742747
0.0467047244
-0.1983391494
-0.0540910587
-0.0460607819
0.0393718109
0.1287512332
0.0600573048
0.1492963731
-0.0826987997
-0.0032855130
-0.1740605235
0.0917486474
0.0736482143
-0.0793449432
0.0059018941
-0.0170492046
-0.0923929214
-0.0738137066
0.0972275808
-0.0236962065
-0.0022814311
0.0735325068
-0.0380108021
0.0037712802
-0.0848088562
0.0090629179
0.0974805132
0.0335699394
-0.1129774749
0.0241594315
-0.1261308640
-0.0916978791
-0.0803576186
-0.2406101078
-0.0521543548
-0.1240529865
0.0238593668
-0.0276623871
-0.0758602619
-0.0549812280
0.0768696517
-0.1323135942
0.0424728915
-0.0024455106
-0.1798162460
0.0671238676
0.0423649773
-0.0230630524
-0.1684742719
-0.1561119556
-0.1079780310
0.2705044150
-0.0884281769
0.0660579875
0.0342615359
-0.0905451775
-0.3273153305
0.1408177763
0.1558806151
-0.1131878570
-0.1933778971
0.0430699140
-0.0281590018
0.0845924318
0.1738956273
-0.1989422739
-0.2764008045
0.0286757536
-0.1224777177
-0.1032844707
-0.2863619924
0.2549098432
0.1725224257
-0.0489321910
-0.0025922854
-0.0964423120
-0.0149687985
-0.0881554782
-0.1974011809
-0.1258207858
-0.1378472000
0.1089115068
-0.0836590230
0.0588416457
-0.0492614098
-0.0722102001
-0.0187279023
-0.0295102112
-0.0926240236
-0.0202376340
0.2099153250
-0.2730694115
0.1282605082
-0.0315474160
0.1243875176
0.1403207034
-0.1081688106
-0.0045237108
0.0055782213
0.2375940084
0.1930911690
0.2269868851
-0.0935727209
-0.2265924215
0.1941802204
-0.1502346396
-0.2365039736
0.0991884694
-0.0771248862
-0.0598491505
0.0477527380
-0.1728550494
0.1269800365
-0.1228966340
0.1564319432
0.0024233402
0.0733049661
-0.1777970046
0.0870771185
-0.0694121644
-0.3886503875
-0.0997892618
0.1150220037
0.1574129164
0.1332412064
-0.0636114106
0.1065879166
0.0226193517
0.0915577486
-0.0454153270
-0.0556857698
0.0480699576
0.0380790085
-0.1337246001
-0.0154753495
0.1878038645
0.1575671434
0.0249477606
0.2117379457
-0.1610820591
-0.0906506330
0.0732425973
0.0575519316
0.0985811576
-0.0320419446
-0.0770015344
0.0821085349
-0.0085130157
-0.0043217666
0.1365103722
0.0161538068
0.0532785468
-0.0341983922
0.0745584965
-0.1334745735
-0.0933079645
-0.0361809693
-0.0368196927
-0.0984100550
0.0246860031
0.1055611148
0.0385595188
0.0531632453
0.1292632967
-0.1559144408
0.0114497216
0.0608771481
-0.0829400867
0.1209866628
-0.0294737816
-0.0597474277
0.1772069186
0.0483469926
0.0585510321
-0.0294683482
0.0425909348
0.0846514851
-0.0015232963
-0.1185417026
-0.1245233193
0.0382132679
-0.1414383799
-0.0798793063
-0.1547817439
0.1597142220
0.1079982370
0.1313413084
0.0876948312
-0.2241770029
-0.1075796634
-0.0532786399
0.1052891538
-0.0965560079
-0.2363762259
0.1669138819
-0.0683209077
0.0627832711
-0.2133948207
-0.0575479604
-0.1292014122
-0.0073258015
0.0160808619
-0.0186099038
0.1638493240
-0.1369477808
0.0629352704
0.1570757180
-0.0383758694
0.1114808619
0.0234885961
0.2502869070
0.2386408448
-0.1153560206
-0.1434295923
0.0468108170
-0.3158848584
-0.5138378143
0.1027748138
0.0779853612
0.1797883958
-0.0665441155
-0.0064578452
-0.0136326225
-0.0213530455
0.2342978120
-0.1899145544
-0.3627009392
-0.0348662212
0.1439619958
-0.0787447318
-0.5679432154
0.2796472311
0.3129093647
0.2969883084
-0.1353162974
-0.1491655111
-0.1852400154
0.0694980621
0.0942475721
-0.1144253835
0.0293550994
0.0788889304
-0.1246402934
0.1028897315
-0.0115256663
-0.1262133718
-0.0939112231
0.0769942403
-0.0792931616
0.0241563432
0.0483554341
-0.1340468377
0.2354285419
0.0669349208
0.2533085048
0.0068464386
-0.0179303940
0.0366317257
-0.1556457132
0.1315463930
0.1547544748
-0.0877693892
-0.1172515154
-0.3390164375
0.1104221568
0.1373758465
0.0722997040
-0.0840649158
0.0723931342
-0.0392968245
0.0434829779
-0.2465141565
0.0613687709
-0.0641748533
0.2659220695
-0.2529506385
-0.1606114060
-0.0058588227
-0.0129579762
0.0160488635
-0.1022443101
0.0278915502
0.1510622054
0.1147760823
-0.0219972525
-0.0528702624
0.0167866237
0.1242682561
0.0023519844
0.0494459793
0.0639900640
0.1488078237
0.0018816547
-0.1678027660
0.0098809442
0.1178310513
0.0126064420
0.0907380730
0.2128170431
-0.2121045589
-0.0464868061
0.1739531755
0.1179987937
0.1702833772
-0.0818404034
-0.1598180532
0.0159193464
0.0023576110
-0.0854448900
-0.1425249130
0.0552543066
-0.1133133471
0.1017017141
0.1210148856
-0.1302350312
0.1827372611
0.0230638571
-0.0310210194
0.1114055589
0.0213699937
0.0073619327
-0.1093710661
-0.0855747461
0.1185569242
-0.0135256629
-0.0973766074
0.0511507429
-0.0959179848
0.1750885844
-0.0356788933
0.1626745760
0.1782990694
-0.0246586874
0.0750226602
-0.0417976491
0.0904240161
-0.1168590114
0.0783644095
-0.0788335279
0.0439980663
0.0821349323
0.0809826404
0.0028472708
-0.2774997652
0.1066071913
0.0766750276
0.0675515160
-0.0492234975
0.0153696556
-0.0257367622
-0.1081986651
0.0305049382
-0.0511390939
-0.0842317641
0.1731485873
-0.0712560937
0.2067170292
-0.0885172710
0.0864566490
0.0742722675
-0.0055554584
-0.0722103193
-0.0420298949
-0.1464973241
0.0056080446
0.0658414066
-0.0466981679
-0.0079961875
-0.0233980604
0.2026049942
0.0465520062
0.0801142827
-0.2671595812
-0.2273507565
-0.0240239818
-0.0372729190
-0.0420142673
0.0101670921
0.2652608156
0.1289206594
0.0052057453
-0.0460316166
-0.0135057131
-0.0918149948
0.0870379508
0.0237897951
0.1487824023
-0.1482693106
0.3214455247
-0.2049879730
-0.0916947871
0.3070941567
-0.3636736870
0.2148647755
-0.1166393310
0.0481853895
-0.2525300980
-0.1457373649
0.2881235182
-0.1331578642
0.1830540001
0.2084573209
-0.2875786424
-0.1791535020
0.0942216963
-0.2817811370
-0.1790489107
-0.0629733875
-0.2101823986
-0.1875122041
-0.0498497710
-0.2212171108
0.3745821118
-0.0176014956
0.1623452902
0.0980496034
0.0942937583
0.0059450301
-0.0821755081
0.1452734619
0.1267172992
-0.2685019374
-0.2326981723
-0.2050098032
-0.0119299116
-0.0108163040
0.1461891979
-0.1117460877
0.1277737916
0.0716904625
-0.0500929989
0.0259552337
0.2628499866
0.0607872680
0.1539992541
0.0467871800
0.1425537318
-0.1402249932
0.1752421856
-0.0093360189
0.0783761814
0.0620299801
0.1581603587
0.1055312231
-0.0317080729
-0.0792305842
0.0081137307
0.0433242060
-0.2406821698
0.0267793369
-0.1992804557
-0.2933373451
-0.1009614766
0.1486985087
-0.1997303814
0.1042451710
0.1260092407
-0.1482135206
0.2260371745
-0.2767435610
-0.0907326937
0.0213143416
-0.0917032436
0.0003760921
0.0420387127
-0.1538949907
-0.0405501351
-0.0270619281
-0.0949865729
-0.0372999497
0.0842335448
-0.0599949807
0.1470341980
-0.0070908768
-0.0312249251
0.0654676184
-0.1065392792
-0.1262990236
0.1271553040
-0.0253574923
0.1289325058
0.0007212404
-0.1152244657
0.0131234350
-0.0415525809
-0.0568752587
0.0441757180
0.1420710385
-0.0213703271
0.0992474258
-0.0393555425
-0.0623471364
-0.1250122935
-0.1618590504
-0.0851632208
-0.0715954527
-0.0561009683
0.0307533145
-0.0315733291
-0.0230939761
-0.2072963119
-0.0232972410
-0.0393549018
0.0499494486
0.0069248471
-0.0981211737
-0.0812176690
0.0240429398
0.0197638217
-0.1181180924
0.0342413560
-0.1510218978
-0.0607814156
-0.0040687961
0.0331535004
0.0432054102
0.0767933950
-0.0852964297
-0.0463735759
-0.1138459891
-0.1510302126
0.1200258955
-0.0679609850
-0.0747981295
0.0747271851
0.0389984399
0.0477316976
0.0812265426
-0.1368573904
0.1475842446
-0.0350062773
0.0718152449
-0.4533218443
-0.2258008271
0.0836750120
-0.0248966459
0.0483289585
0.1341753751
0.1090100333
0.0553754829
0.1322390437
0.0235135928
-0.2344853580
-0.0382453948
-0.0524542555
-0.0623366088
0.0390118659
-0.1892388016
0.2407790571
-0.1540118009
0.2064729929
0.2441742718
-0.3625170290
-0.0411494076
0.1937821060
-0.1023984849
-0.2712644637
0.2487749755
0.1665094644
-0.0237732884
-0.1738550812
0.0895251483
-0.1942447573
-0.2277869880
-0.0421497859
0.0096732574
-0.2360094488
-0.0794522092
0.0142386789
0.0812230259
-0.0304883625
0.1293748617
0.0426592901
-0.2447708249
0.2832046449
-0.1086094901
-0.0772636384
-0.0220182277
0.0396938510
-0.1645339876
0.0127381375
0.1845214069
-0.0479666181
-0.1269224882
0.2723869979
0.0102340300
-0.6267232299
-0.1124459431
0.0106282318
-0.0734504014
-0.0282340050
0.0402568094
-0.0027513728
-0.2091689110
0.0823361352
-0.0231072623
0.1203387082
-0.0591458343
-0.0494609699
0.0259354468
-0.2619175613
0.0637405515
0.0418216996
0.1275689155
-0.0957731605
0.2079734504
0.0457100011
-0.1857769191
-0.1507551372
-0.1378220320
0.0390232615
-0.0822976455
0.0972203910
-0.0562509894
-0.1608044803
0.1118191853
0.2622585595
0.1062891409
-0.1058315262
-0.0684150010
-0.0926287249
0.0708509907
-0.1169503182
0.1134306043
-0.1126828492
-0.0606811568
0.0771084502
-0.0051651900
0.0805342644
0.0665013418
-0.0660020784
-0.0433919281
-0.0859250575
-0.0592827126
0.0361601934
-0.1347389966
-0.2034028172
0.1192790866
0.0031844066
-0.0333429538
-0.0773584843
0.0377673618
0.1095099375
0.0157600343
0.1135857701
-0.1757686734
0.0613835119
0.0516854860
-0.1220745146
0.0122958450
-0.1292130351
0.0810947493
-0.1159197539
0.1321384013
-0.0085153868
-0.0296511333
0.1379402876
0.0261304080
-0.0402773358
-0.1977504492
0.1342306882
0.0786890835
0.0124697080
0.0180126466
-0.1219049990
0.0883372650
-0.0660620630
0.0557368845
0.0858564749
0.2675049007
-0.0370071717
-0.1352974921
-0.0094957910
-0.0285580698
0.2101267576
-0.0966899171
-0.2941220701
0.1634416431
0.0733170807
0.0102996202
0.0571658649
0.0124810198
-0.2078338265
0.1054385230
0.0749796927
-0.0771851316
0.1630650312
0.1788270026
-0.1822554916
-0.3693291247
-0.1942736655
-0.0224419814
-0.1419808865
0.0306719486
0.2597543895
-0.1543963850
-0.0944310501
0.0105109755
-0.0612947978
-0.1615306735
-0.2518644631
0.0626554862
-0.0159781277
-0.0840307325
0.1129813567
-0.1476612687
-0.1312847733
0.0258013587
0.0119252447
-0.2668521702
-0.1972959787
0.0432076156
0.1009275392
0.1364345253
0.0008556397
-0.0766904727
0.1148327366
-0.0117289471
-0.1234442741
0.0641226247
0.1609482914
0.0059291059
-0.0656605586
-0.0404089764
-0.0217644442
-0.0628862903
-0.0337526165
-0.2238218486
-0.2701075375
0.1007937491
0.1774297059
0.0384281687
0.1234714091
-0.1498152316
0.0089968927
0.0183702167
-0.0145979291
-0.0737076029
0.0401256084
0.2214607745
0.0852474868
-0.2535398304
-0.0961395726
-0.3332028985
0.2782414854
0.1283224076
-0.1441988200
-0.1113097593
0.0230744164
0.0768265501
-0.0159389712
0.0927910581
0.0758984685
0.0350949951
0.0390750244
0.0219842419
0.1715874523
0.0939235911
-0.2052900940
-0.1938085407
-0.1993240565
0.0035410221
0.0745325387
0.0203791037
-0.2951481938
0.1381299049
0.1638788879
-0.0166081507
-0.1281424165
0.0736630112
0.0324075148
-0.1263262779
-0.1769171208
-0.1911893785
-0.0769288763
0.2327036262
-0.0016654371
0.0028425744
-0.1370509714
-0.0462766290
0.1891753078
-0.1489229947
0.0348524265
0.0215311218
0.1279726624
-0.0633706227
0.0377595462
-0.3021478653
-0.3030315936
-0.0122311609
0.0622855201
-0.0408146940
-0.1244625300
-0.0673757270
-0.1316087246
0.0242025349
0.2523040175
-0.0536821485
0.1228158623
-0.0644014999
-0.0446131155
0.0123611679
-0.0750857294
0.0386393555
-0.1585371941
0.1347056478
-0.1473207176
-0.2142057568
-0.1963838637
-0.0160922688
-0.2324235290
0.1007119194
-0.1577295810
-0.1280002445
-0.0783496797
0.1263253987
0.1275631636
-0.2072853744
-0.1047258303
-0.2158480734
0.0886292756
-0.0786962658
0.0089496719
0.0086920178
0.0413881168
0.1505428106
0.0385416001
-0.0051512676
0.0629079789
0.1998945326
-0.1953768134
0.0178556126
-0.0148080112
0.2003538907
0.1596702635
-0.0147516970
-0.1026478484
0.0173467547
0.0228145551
0.0545989126
-0.0281408411
0.0696456209
0.1506746262
0.0353742391
-0.0507604964
-0.0546598844
0.1048988998
0.1222996414
0.0624264851
0.0120214773
-0.3710712194
-0.1158628464
0.1742804050
-0.1642421335
0.2723411024
-0.0819210187
0.0918316618
0.0408635587
-0.1469174027
-0.1705164611
-0.3942146599
-0.0272257030
0.1206605956
0.0446543135
0.1574563235
0.0865629837
-0.1207739860
0.1272208840
0.0548817664
-0.0608808473
0.0290385354
-0.0944671780
0.2040468454
0.3034279346
-0.1702438295
-0.0813731030
-0.1158335879
-0.1839802265
-0.0738159046
-0.0347356461
0.1835776418
-0.3541622162
-0.0792526454
0.0025943704
0.1553418189
0.0324504487
-0.0798592791
-0.2931155264
-0.1587390155
-0.1036271453
0.1275481880
-0.0588737577
0.0858833119
-0.0341905169
-0.0816159844
-0.0436231755
0.1687840223
0.0712209269
-0.0342815146
0.0066801528
-0.0552916117
-0.2652819157
-0.1585517079
-0.1292911768
-0.0226159655
-0.0254119430
0.0795603022
-0.0761329234
-0.0934503675
-0.1302822381
-0.1223295704
0.1124994084
0.0132028172
-0.0547156297
-0.1019694656
-0.0371589735
-0.0573340803
0.0322988145
-0.2159238607
-0.0041677463
0.0913619325
0.1575631350
0.1513538063
0.1140785068
-0.2134649456
0.1649435312
-0.0187291838
0.0207347218
-0.0949754566
0.0268940013
-0.0978310183
0.0078738602
0.0747759268
-0.0506209210
0.0944793969
-0.0218141954
-0.0509049185
-0.2186457962
0.1031104997
0.1058249697
-0.0329054594
0.0585152209
-0.1823922992
-0.0408453904
0.1347651631
-0.0823649392
-0.0264466964
-0.1515872031
0.0219832771
-0.0814937130
0.0234732777
0.0986671373
-0.0823553279
0.0498900153
-0.0526987650
0.0999235660
-0.0798493251
-0.1027476788
0.1178309694
0.0503313355
0.0404220261
-0.1220193654
0.0601654202
-0.0651668683
0.1128791943
0.1151027530
0.0197302327
-0.0667442530
-0.0357587263
-0.0758706257
-0.1118710488
0.1283288449
0.1101852506
-0.0342662148
-0.0821941197
0.1528274864
0.0315358452
-0.0845367387
-0.0727029443
-0.0019323914
0.0050753029
0.0521188192
-0.1257064790
-0.0880322382
-0.1218886450
0.1525920928
0.0888157710
0.0122582735
-0.2078356147
0.1083131582
-0.0386858769
-0.1457872689
0.1213953868
0.2243971229
-0.0978068113
-0.1098765805
-0.0571897924
0.1275736988
0.0672032386
-0.0773349106
0.1668405682
-0.0259345043
-0.0792122409
-0.0721234158
-0.0276105795
0.1946233660
0.1001147926
0.1407770962
0.0499854311
0.0935739428
-0.1371323019
-0.0592048988
0.1586923897
-0.0583830141
-0.0902126208
0.0367580764
0.1885412484
0.1267218590
0.0100678178
0.0239955001
-0.1695407480
-0.0473780036
-0.1191487685
0.1716818511
-0.1620725840
0.0659664273
0.1381276101
0.0992323384
0.2413651049
0.0316739604
-0.0026515741
0.0147046512
-0.0401841328
-0.0049445033
0.1200932115
0.0217909515
0.1530908346
-0.0121636344
0.3037809432
0.2421342134
0.0401366577
0.0673751980
-0.4343456328
-0.2658341527
0.0631243810
0.0530599393
0.0229552258
-0.0719114617
-0.3921527267
-0.0591817945
-0.1612088084
-0.0887747183
0.1187698394
0.2402545810
0.0314270891
0.0966999009
0.0573246069
0.0937219188
-0.0645939037
0.0405674204
0.0140653765
-0.3078351319
-0.0247254260
0.2183955312
-0.0218023602
-0.0062135081
0.0297709107
-0.1305030584
0.1254573464
-0.1667802930
0.1368837506
-0.0445064157
-0.1054304987
-0.2780393660
0.0208819248
0.0748128742
0.0257118624
-0.0447602347
0.1392748058
-0.0969177559
0.1464763284
0.0768544152
-0.0849042311
-0.0489164703
0.1553640515
-0.0211788621
-0.1606166959
0.0718999878
-0.1281324178
-0.1106762514
0.0213601142
-0.0193229690
0.1213739216
0.2619982660
0.0550309271
-0.1153423712
-0.0714255348
-0.0574190915
-0.0077873128
0.0782755092
-0.0707181469
-0.0120348195
-0.1161910146
0.1118532419
0.0216191690
0.0553791821
0.1031207517
-0.0120624732
0.0113497032
0.1643276811
-0.1384112984
0.1708189696
0.0859849378
-0.0617225133
0.1042375565
-0.0762274563
-0.0279092789
-0.0178782549
-0.0999682695
-0.0995636806
0.0728754848
-0.0338244773
-0.3920112848
-0.3705300093
0.0378713422
0.1030577943
-0.1062157378
0.0022221098
0.0962377489
0.0429924428
0.1167506874
-0.0037919688
-0.0208090357
-0.0122252339
-0.0146658644
-0.1183265373
-0.1850537807
0.2085862160
0.0827051252
0.0341382325
-0.0506982133
-0.2375611961
0.0839186683
-0.2054802775
0.1880673915
0.0488012508
-0.0873278975
-0.0476458147
0.1900315434
0.0478353128
-0.1206060275
-0.0864687786
-0.1101280749
0.2124059945
0.1086428612
-0.2619952559
-0.1566305906
-0.0088351462
-0.0880796388
0.0675355569
0.0055710953
0.0984870642
0.0725994706
-0.0740537792
0.1639679819
-0.0480049290
0.0124053936
0.1159221977
0.1640235335
0.0459972806
0.0141703142
-0.1006628051
0.1333660185
-0.1646197736
-0.0604227707
-0.1366232634
0.0747660547
-0.0184043925
-0.1015232801
-0.0508696772
-0.0749571696
0.2033485323
-0.1119911447
-0.0383519419
0.0457935408
-0.0227324385
0.1581343710
0.1343563646
0.0566082262
0.1154996306
0.0331969149
-0.0361432880
-0.3371409178
-0.0819965750
0.1513932645
-0.0044312989
0.0327805541
0.2281405926
-0.1205738336
-0.0861918628
-0.3620863259
-0.1288758665
-0.4812049568
0.0122456402
-0.0274546277
0.2297305167
0.1101573110
-0.1873755008
-0.0647984892
0.1103797108
0.0565320402
0.0833983421
0.2550113499
-0.1746529490
0.0268287566
0.0600784831
0.0703365952
-0.2697166204
-0.0699620619
-0.1165231541
-0.3066579998
0.1225551292
0.2855474651
-0.3174430430
-0.0505400039
0.2484377921
0.0957971588
-0.0355964787
-0.0004699126
-0.2010519207
0.1698319167
0.0491738692
0.1758417338
-0.2757144868
0.0806267709
-0.2509684861
0.0523198508
-0.0303490497
0.4877874255
-0.0671693608
-0.0225275345
0.1242684275
0.0320801511
0.1833019406
-0.1061706543
-0.0245690420
-0.1023886725
0.0231541544
0.0056374189
0.1154153571
0.0528584719
-0.1838340908
0.0076816250
0.0812846795
0.0150433881
0.0883251131
-0.0749313757
0.0621862561
-0.0975108072
0.0770747662
-0.1195267364
0.0325744040
0.0107880589
0.0287597738
-0.0387160443
0.1412264705
-0.1367445290
-0.1662537903
0.1132362336
0.0727738440
0.0407389626
-0.0791337043
0.1017674580
-0.1797433197
0.0395625941
-0.0630576983
-0.1308914572
0.0876705498
-0.0559788346
-0.0949040949
-0.1166699007
-0.0313167498
0.0364778712
-0.1213711649
0.1875075996
0.0958445817
-0.1463760883
-0.0292487275
0.1039491221
0.0810975581
-0.1360367388
-0.0805632472
-0.0655234754
0.0278340913
-0.1913261563
0.0409232453
-0.0588506125
0.0062539196
-0.1942745745
0.1067538485
-0.0032698719
-0.1269562244
-0.0714001879
-0.0463661477
-0.2458561957
0.0808249861
-0.1496636569
-0.4295238554
-0.0166870244
0.0333332568
-0.0862453058
-0.2270169407
0.1235726550
-0.3846926689
0.1652412266
-0.1042492762
-0.3185035288
0.0544301122
-0.2199509740
0.1046572328
-0.2444625199
0.1473170370
0.1120391265
-0.0685160235
0.1466755718
-0.0559003763
-0.1760538667
0.0325579308
-0.1693247110
-0.1609169990
0.0900081322
0.1137457490
0.0480266176
0.1076665148
0.3285686374
-0.0132441390
-0.0926073939
0.0253043808
-0.1108149663
-0.2073264420
0.1415521204
0.2126059234
0.0465647951
0.1311907023
-0.3252838254
-0.0155621190
0.1251815408
0.1794415116
0.0566780083
0.0345800929
-0.2523877919
0.0721921921
-0.2029011548
0.0427360050
-0.1476438642
0.1057785973
0.1931080073
-0.1068568453
-0.0022530053
0.1400457174
-0.0052719605
-0.1868084520
-0.2031620145
-0.0262468345
0.0505040064
0.0755299181
-0.0742370784
-0.0321629643
-0.0949582458
-0.1102743000
0.0238826051
0.0726233274
0.0602048971
-0.1064818650
0.0435403660
-0.1299583912
0.0289307088
-0.0401711240
-0.1014852524
0.0565999448
-0.0986710787
0.0404751562
0.1960820258
-0.2917146683
-0.2461916506
0.1899361461
0.0627004504
0.1058988795
-0.1862695664
-0.0131123932
-0.2006211430
0.1532847732
-0.1654945761
-0.0636333674
-0.1681205481
0.1228828132
0.0285304282
-0.0029347441
0.2351956367
-0.2916475832
-0.1179746166
0.1258625388
-0.0797737911
0.0884538144
-0.1098379716
0.0861875936
0.2446741313
0.0604938976
0.1075825170
0.0844891518
0.2370369583
-0.0151848504
0.1130073592
0.1521235853
0.1070140898
-0.0290559903
-0.0678369924
-0.1163509786
0.1702988893
0.1022546515
-0.0913195312
-0.1906928420
-0.1237156466
0.1030053198
0.1176052839
0.1961825043
-0.2142419517
0.1127505824
-0.1846052706
-0.0959368944
0.0942404047
-0.0710277259
0.1078554168
0.1399362236
-0.0508610569
-0.0232852846
0.0050506284
-0.1056290567
0.0229195338
-0.1497195065
-0.1722214967
0.1287382990
0.0371027067
-0.1319604367
-0.1635637581
-0.0051579624
0.1682299674
0.0385317914
-0.1030415371
-0.1205984429
-0.1725943983
0.0997844189
-0.0986584648
0.1629783362
0.0409320891
-0.0194056313
0.1198779196
0.0589353032
-0.1030665040
-0.0084147798
0.0686099082
0.0973022580
-0.0626772866
0.1325300485
0.0018674284
-0.1491823941
0.1429899931
-0.0908968970
-0.0908041671
0.1369835138
-0.0499226861
-0.0306811910
-0.0407960676
-0.0056779571
-0.0451954529
-0.1094360799
-0.1637743860
0.2080503404
0.0288001131
0.0478340015
-0.0412049592
-0.0089631472
-0.0810993463
0.1628316492
0.0283737313
0.1215254515
-0.0764931738
0.0875612274
0.2012988180
-0.0921453089
0.0515148267
0.0614450052
0.0622016042
0.0035023447
-0.0153749706
0.0596673861
-0.1967674941
0.0597998537
-0.2943903208
-0.3256101310
0.0167535655
-0.0135848252
0.1440994292
0.0061634295
-0.1776246727
0.1820955127
0.2362219691
-0.0914902091
0.0144930864
-0.1046570390
0.1551445723
-0.1481345147
0.0415220447
0.2673844099
0.0078272112
-0.1834927946
-0.0439509451
-0.1774092168
0.0223571658
-0.0205518454
-0.1191910505
0.1287940592
-0.0069665774
-0.0710374638
-0.0314732604
-0.0767275468
-0.0697475225
-0.0338937342
-0.1857121885
0.1513124406
0.0671451613
0.1739671975
-0.0974373445
-0.0213432666
0.1101866961
-0.0024175204
-0.0305607710
-0.0858618021
-0.2588595748
-0.0289168768
0.1758460701
-0.0975010619
0.1461217403
0.0750234649
-0.1021872535
-0.0798763186
0.1333422959
-0.1484831870
0.1414965540
0.0794055834
-0.1421263367
0.0688092411
0.0257943403
0.0473498516
-0.1798232347
-0.0888277963
0.1245827004
0.0049973493
-0.0247625038
0.1028124169
0.1003575623
0.0841695517
0.0497103520
0.1205359548
-0.0105546201
-0.0642573982
-0.2091334611
0.1110365540
-0.0335187465
-0.0460226350
0.1974217296
-0.2014049441
-0.0432699323
0.1871246994
-0.1243803501
-0.1355435848
-0.1230608895
0.0429692455
0.0692422017
0.2520345151
-0.1232036427
0.1061057150
0.0543100461
-0.0180584211
0.1955469847
-0.0486433990
-0.0561324432
-0.0470987558
0.0660805628
-0.1477293670
-0.0603981800
-0.0462419763
-0.0310148802
0.0526477918
-0.0322110169
0.0341576450
-0.1230853423
-0.0374887288
0.0842579231
0.0698704869
0.0994225070
0.1554651856
-0.0943711698
0.0387342237
0.0358678102
-0.0723966733
0.1481984705
0.1431350559
-0.0908340514
0.1210197136
0.0192890689
-0.0255064499
-0.0753060877
0.1403045803
-0.1422673464
-0.0743970573
-0.1002603248
-0.1451021284
-0.1425086558
-0.1498118043
-0.0641744956
0.1210666001
-0.0534054935
0.1337394118
0.0788156092
-0.0778290033
-0.0864278823
-0.0570042469
0.0414432138
-0.0054626735
-0.1139729470
0.0633327365
0.0812711343
0.0022514253
0.1386121362
-0.1421807557
-0.2692115903
-0.0448583141
0.0169792976
0.0585931987
0.0958810002
0.0613964722
0.0057205022
0.1405842006
-0.0897555649
0.2029574513
0.0423168801
-0.0550731570
0.0108901644
-0.1039069816
0.0895307288
0.0513388477
0.1083485037
-0.0468802378
-0.1164947301
0.1496032029
0.0793245137
0.0727267116
0.1200906262
-0.1900838166
-0.0312351361
-0.0442104079
0.0396712460
0.0313059874
-0.1531196237
-0.0256421920
-0.3235732317
0.0501665771
-0.0829318240
-0.0747898817
-0.2383492738
-0.1172742397
0.0353000499
0.0598419979
0.3499395251
-0.1329966187
0.0231507998
-0.0392819084
-0.0455068052
0.0967806876
-0.0834703147
0.0062364060
0.0452461578
-0.2015868127
-0.0381806567
-0.1425758004
0.2335052788
0.0225192402
-0.2288615555
0.1200330406
-0.0787955523
0.0109171607
-0.1537284851
0.0434903353
0.0892145559
0.0907917470
-0.3367702365
-0.1914811283
-0.1570725441
-0.2242922336
0.1989392042
-0.1401488036
0.1491977274
0.1839404255
-0.0338695198
0.0788199827
-0.0418494195
0.0171184707
-0.1034768745
-0.0855324119
0.0390166119
0.1171189770
0.0736690760
-0.1024679616
0.0505964272
0.0888740718
-0.0304314308
0.0020655645
0.1707727760
0.0804354846
-0.1463179886
-0.0723071024
-0.0819974393
-0.0660921931
0.0172966179
-0.0378773101
-0.1220627949
0.0238948986
0.0551995561
-0.0029858635
-0.0290160477
-0.0279470887
0.0861720443
0.0748646557
-0.3009266257
0.1849843562
-0.1999928802
0.0069663357
-0.1931466460
0.1041224375
0.1281723827
-0.0793336928
-0.1302005500
-0.1695315242
0.1784553528
-0.0519864820
0.1342924088
-0.1293326467
-0.0347662941
-0.0464035347
-0.0486851856
-0.0555963032
0.0111850007
-0.1736442298
0.0164820012
-0.0517780036
-0.0538425669
0.2409791797
-0.2416612655
-0.1034993976
0.1652145237
-0.1924875677
-0.0489724018
0.0510444269
0.1655408293
0.0785953104
0.0626383051
0.0012264538
0.0700113624
0.1206154972
-0.0965069160
-0.1549202651
-0.1152988225
0.1201604158
0.0143448003
0.0137144793
-0.1566568613
0.0455244184
0.1674341261
0.1921496540
-0.0180486143
-0.1220833212
-0.0851214007
0.1159726456
-0.1039887965
-0.1676805913
-0.1025596112
-0.3164261281
0.1943899244
0.1085048616
0.0152742909
-0.2707262933
0.2172785550
-0.0253797844
-0.0501914360
-0.1791786700
-0.0260682814
-0.0785204396
-0.0160604324
0.1276349872
0.0711430311
0.1393119842
-0.2038078457
0.0125741111
-0.0150577165
0.0550330915
-0.0026096264
-0.1375841647
-0.0804911703
-0.3073724806
0.0715951174
-0.1888217777
0.1684365422
0.1052660793
-0.1523292214
0.1501716822
0.0329288095
-0.0636417419
0.0108635519
-0.1739075035
0.0077459509
-0.0126093030
0.0818681195
0.0772125795
0.0896001533
-0.0245586988
-0.1131601632
0.0211933125
0.1552398652
0.0819172934
-0.0653019920
-0.0822362900
0.1167742535
-0.2543418407
-0.1188123301
-0.1912317425
0.3140676022
0.1373908371
-0.1865659803
-0.2232975513
-0.0117969075
0.0112586692
0.1234086975
0.0667166114
0.0956064612
-0.0920002088
0.0219285078
-0.0066909106
0.0434647985
-0.0369725898
0.1310103089
0.0185544174
0.1317613721
-0.1847392172
-0.0647432804
-0.2458106726
-0.0118775545
-0.1287408322
0.1317446828
-0.3658669293
0.1989299804
0.0214282311
0.1285991520
-0.2549200058
-0.1720310450
-0.3190279901
0.1958503723
-0.0157894455
0.0370096825
0.1260070503
0.0226262677
0.0225571338
0.0528281890
-0.1135102957
-0.2542477846
-0.1629395485
-0.0195105914
0.1297409236
0.1854108125
0.0337928012
0.0228219014
-0.0079578068
-0.0613960437
0.0257719085
-0.1168004200
0.1570853144
-0.4268189967
0.1484075487
-0.1516648382
0.1482368559
-0.0087804003
-0.0711678788
-0.0139895352
0.0465399697
-0.1790692955
0.1348778009
-0.0551181100
0.0760793984
0.0665030777
0.0047394177
-0.0834693164
-0.0765612051
0.0336809196
0.0145103177
0.0958001539
0.1025378481
-0.1702889800
-0.0553448163
-0.1964434087
-0.2216840088
0.0806337669
-0.1113293394
-0.1391283870
-0.2763279378
-0.1104015857
-0.0623157620
-0.0998929068
0.0565211102
0.1466667354
0.2027254850
-0.0207851063
-0.0695035532
0.1187902242
0.0907838494
0.0772460178
-0.1371239871
-0.0177182928
0.0919413716
0.0066683339
-0.1329554617
0.0484027714
-0.1167065725
-0.0428630002
-0.1580575705
-0.1103795618
0.0094333887
-0.0740755126
-0.0711555257
-0.1158312634
0.1529436409
0.0831462890
-0.0495621040
0.0666172355
-0.1064516678
-0.2280292362
0.2195777595
-0.0283953883
-0.3743655980
0.0507087670
-0.1559112668
0.2066601813
-0.1724269092
0.1659600288
-0.4420309067
-0.1235230342
-0.4822970331
0.0597744100
0.1147182658
-0.0534860156
0.1648548394
-0.0212877728
-0.0680960864
0.0812648460
-0.0487236232
0.0090649407
0.0538321175
-0.1245727539
-0.1425863653
0.0670392811
0.1164966077
0.0167446360
0.0225573014
-0.0974414721
-0.1014755741
0.0874444917
0.0917043984
-0.1379224807
0.1403629184
-0.3945854306
-0.0919507593
-0.0774131045
-0.1056584418
-0.1922173649
0.1144855767
-0.0004450042
0.0043166797
-0.1047164574
0.0968579203
-0.1774493754
0.1919176280
-0.1606760025
0.2366306037
-0.1926288009
-0.2085107267
0.0712934881
-0.1645779461
0.1138479263
-0.1082751974
0.0372653045
0.0068673543
-0.1020504311
-0.0112314019
0.0361932889
-0.0697182640
0.0720429197
-0.0427140370
0.1220083833
0.0124950837
0.0084670391
-0.0326442458
0.0538486205
-0.1632010341
0.1469418705
0.1720328629
-0.3077322543
0.0899537504
0.0696992427
-0.1410506815
-0.2959297597
-0.2359605283
0.2600773573
0.0769227073
0.1371152699
-0.1275697052
-0.1136795953
-0.0704407766
0.1734401286
0.0748389438
0.0728223994
0.1883419305
-0.1648782343
-0.1174463704
-0.0156343989
-0.0141010350
-0.0616005845
0.0751026049
-0.0397197306
0.1315447986
0.0912237540
0.0018005492
-0.2236633003
-0.1903281510
-0.1605850905
0.0274863783
-0.1400964409
0.2033900321
-0.1244433746
0.0168318637
-0.0906828195
-0.1507064849
-0.0470886007
-0.1858899444
-0.0439423360
-0.0961011946
-0.1691888869
-0.0458314791
-0.1731378734
-0.2977142930
-0.0333494544
0.0934537128
-0.1194688007
0.1259999424
0.0468461402
-0.2343524545
-0.0809772387
-0.0586808883
-0.0638829023
-0.0115095451
-0.0269803945
0.0571090430
0.2050688863
-0.2811591029
0.1655596793
-0.0442399755
-0.4213422835
0.0912598073
-0.1596035510
-0.0483266301
-0.0198736992
-0.0181873627
0.1021440327
0.0998636410
0.1528193951
0.1545539051
0.0624548271
-0.2603175640
0.1350229830
0.1656216830
-0.1271117181
0.1066906899
0.0902099162
-0.2930837870
0.2266640514
0.1258554161
-0.2584342957
-0.0585034229
-0.1763621271
0.1592357010
-0.0957295969
-0.0389364287
-0.0516990945
0.0573534518
0.0514422916
0.2040170580
-0.1387640387
0.1441013068
-0.1249828190
0.0611887276
0.0737920180
0.0919586346
0.0135211395
-0.1544516236
0.1822558194
-0.1803290546
-0.1125688106
-0.3509807885
0.2224938869
-0.0421782956
-0.2380649894
0.0432138592
-0.1320650876
-0.1068212315
-0.0427108519
-0.0102881584
0.0218740497
0.1435343921
-0.0572411977
-0.2427487075
0.1378332675
-0.2566078603
-0.2617202103
0.1120399907
0.0226827692
-0.1592780501
0.1943494231
-0.1480214000
0.1726577729
0.0333252400
-0.0637480393
0.1111777499
0.0088033723
-0.0399754383
-0.2225899100
0.1847297102
-0.0246488508
0.0549264625
-0.0263702236
0.1038160548
0.1156772301
0.3750614226
-0.1421506256
0.0159508977
-0.1534394771
-0.0526124127
-0.0263787601
-0.0923450887
-0.0696029365
-0.4206625521
0.0325497910
-0.2316381931
-0.0991979837
-0.0779080987
0.0207256526
-0.3810059726
0.0244656391
-0.1116601527
0.1344490200
-0.0713690445
0.0765098557
0.0013112345
0.1411309093
0.1731075644
-0.0346194170
0.1258135587
-0.0381523333
-0.1401868910
-0.2020225227
-0.0308940727
-0.1738772094
-0.0146329449
0.1845075190
-0.0302153677
-0.0240333267
0.0237707160
-0.3551556170
-0.0566119812
-0.1889723539
0.1716331542
-0.0455233082
0.1666435003
-0.0512459986
-0.1501104087
-0.1027641892
0.0023142607
-0.1076874435
-0.0101876808
-0.0779180080
0.1555618644
-0.1088099852
0.0807597265
-0.2050493062
-0.0924576670
0.1164696962
0.1605965197
-0.0370709635
0.1753515452
-0.2372051775
-0.1538518071
0.1255205274
0.2230311930
-0.0945880562
0.2426405996
-0.1863099337
-0.0568150952
0.1525500417
0.0524320267
0.0455127731
-0.0807164386
0.0839346871
0.1068666726
0.1539960653
-0.1443559378
0.1324424744
-0.2562692463
0.1700658202
-0.1479244530
0.0653108731
0.1675419509
0.1588717997
0.1551597565
-0.1056728959
-0.1978770643
-0.0526682325
0.0780457705
-0.0898225531
0.1163277999
-0.0483430289
0.0099130692
-0.1426881850
-0.0772313327
0.1149300262
-0.0441749841
0.0130080162
0.0490570627
0.0646056980
-0.1706044823
0.0466130823
-0.0602003783
-0.0610491410
-0.0214258432
0.0638409108
-0.1076595336
-0.0498214476
0.1220195740
-0.0516805761
0.0397180095
0.0442458317
0.0730870739
-0.0776207298
0.1852552891
-0.1823499650
-0.0237088483
-0.1088218316
-0.0119686341
-0.0153606525
-0.1554801613
0.1248380840
-0.0001684611
0.1259601414
0.1578852236
-0.0005911248
-0.1169678420
0.0605764315
-0.0316153094
-0.1646785140
-0.1405236423
-0.2586535513
-0.0888741240
-0.1148626804
-0.0735677555
-0.0464602448
-0.1065870374
-0.0314681754
0.0486128330
0.1650700718
-0.0663612410
0.1169263497
-0.4991279840
0.0916706026
-0.0567931198
-0.0025563347
0.1589031219
-0.0804677382
-0.0485671870
0.2008361816
0.0969721675
0.0538745075
0.0730448663
0.0177508462
0.1136398986
0.1086456403
-0.1919854134
0.1313230395
-0.0298973098
-0.0685536489
0.1101533398
-0.2362943739
0.0253463760
0.2741864026
-0.0875730291
-0.1969328672
0.1784231067
0.0489021577
-0.1411553621
0.1349956393
-0.0662003234
-0.1265549213
-0.2844829559
-0.0596294180
-0.3904970586
0.1641920507
0.0733128041
0.0675733462
-0.3117704690
0.1550823301
-0.0621455610
0.1164415479
0.1095258817
0.2891382873
0.1786221564
0.0523626506
0.1807943732
-0.0240231976
-0.0220644474
-0.1277902424
0.0568874776
-0.1193508357
-0.2799837589
-0.0651733205
-0.1526495516
0.0736594126
0.0299311709
0.0220943652
-0.1170533523
-0.1779365838
0.2025819272
-0.0453464277
0.0616992489
0.0826013982
-0.1013212055
-0.0857277140
-0.1076970473
0.0556001365
0.2165634185
-0.0106463870
-0.0747322962
0.0171859879
0.0125304358
0.0578566380
0.0252360180
-0.0541510619
-0.0534935705
-0.1669824272
0.0443085283
0.1826589257
-0.0803266466
0.1363116652
-0.2904187739
0.1944151074
0.2595819235
-0.3092272282
0.1468763202
-0.0936421081
-0.2393474579
-0.0868045092
-0.2418105751
0.3020685613
-0.0623567291
-0.0386434831
-0.3824362457
0.2674788535
0.1497346759
-0.0096240137
-0.1901779920
0.1147437692
-0.2172497660
0.0656880885
-0.1706195176
-0.0257957894
0.2247686237
-0.2033308744
-0.0080324896
-0.1231716424
0.0515236855
-0.1372817457
-0.1410654038
0.0660298616
0.0716649666
-0.2498447597
-0.0877123252
0.0650427938
-0.0224094056
0.1846146584
0.0900494754
-0.0762687698
0.0666177645
-0.1987797320
0.0283295233
0.1586397141
0.1505651474
-0.0239937901
-0.1542207301
0.0183208305
0.0531978272
-0.1924418360
0.1055483446
-0.0722629502
-0.1795574725
-0.0357964113
0.1756996661
0.0543468073
-0.0465548187
-0.0898168832
0.0340737924
-0.0852071419
0.0658041313
-0.0905269682
-0.0807215348
-0.0308068004
0.2109699696
-0.0055347965
-0.1886212230
0.1834775209
0.0203485452
-0.1456131339
0.0815399438
-0.0725647286
0.0763714835
0.0721808746
-0.1277310401
0.0115454709
0.1485690325
-0.0448260680
-0.1481202394
-0.0721458867
-0.2280361503
0.0117912535
-0.2165603489
-0.0325864777
-0.0391977504
0.0369619988
0.0027861139
0.1155307963
0.0681601167
-0.0127483439
0.1515358239
0.1190735996
-0.2616190910
-0.0110677881
-0.0680283234
0.0089950291
0.0418381542
0.0846202597
-0.0874282420
-0.0925099328
0.0816670731
0.0350701250
0.0043948721
-0.1348488778
-0.2229109406
0.0416639335
-0.1242898777
0.1880237460
0.0645959899
0.0936510861
-0.0562343225
0.1177752092
-0.0503598116
0.0737461597
-0.3037540317
0.1940960586
-0.1253363043
0.1459015608
-0.1573325247
-0.3225880861
0.1912654042
-0.0789216235
