8
74
67
-19
37
65
45
36
42
73
71
74
-28
56
65
19
-45
22
-27
86
-56
20
23
53
-123
-40
3
26
-21
24
28
12
-120
-61
27
-24
-28
-85
-37
-86
22
72
-2
48
79
58
-78
47
81
33
-83
67
-4
15
42
12
12
2
-132
76
57
-53
119
70
-47
30
-90
-22
26
-27
31
-53
-70
-20
-28
-138
74
-46
-67
-88
42
19
-85
77
74
30
-139
61
33
90
-142
95
84
13
12
74
28
72
-58
31
64
-9
118
33
70
48
-38
-37
75
-47
68
-87
82
7
78
-133
52
27
-8
-120
5
-8
-78
31
35
42
-116
46
54
83
-64
76
44
3
21
80
112
59
11
24
9
72
53
107
121
55
77
-101
-3
77
79
-26
80
30
90
-110
56
-1
-27
-101
4
-42
16
48
-87
13
-79
1
37
45
128
55
-57
30
52
44
39
46
131
-65
-65
6
68
109
50
29
106
-106
-85
25
-15
1
52
8
33
-55
-90
36
22
-20
