11
63
34
20
-12
-23
-7
-1
-7
27
-20
-2
29
16
3
37
-6
24
23
3
25
44
-36
-3
-12
20
-24
1
7
25
27
-13
11
-14
-17
-1
17
5
-35
-54
-42
-28
6
30
-35
-13
-16
-19
-1
-41
-3
8
12
29
12
1
25
19
-47
3
-56
37
86
-53
38
50
21
-24
1
33
-24
17
-21
21
-56
5
32
-22
9
8
-24
49
27
-22
-24
46
0
-5
-5
13
4
20
16
-13
13
-4
40
6
41
8
0
28
-40
18
-52
-44
-42
-13
23
39
6
17
-34
-10
20
-24
1
40
5
17
-19
-8
7
-17
14
17
63
-14
-9
62
18
-16
2
-23
-17
-13
-19
13
-66
8
-10
-13
-49
8
26
29
-9
3
-4
-2
16
2
-47
-23
-47
-2
-30
1
-24
27
-23
3
12
0
-19
10
-11
-50
3
24
20
37
-10
-48
-128
39
-17
-60
-5
28
2
56
-14
-13
7
-31
-61
-21
-53
20
8
-33
24
34
-11
4
14
9
-10
-12
-7
15
-34
-24
23
-13
1
17
20
9
-25
15
12
10
-22
2
1
11
-65
22
-16
21
-31
24
-9
-37
15
36
-27
-6
14
-10
-25
-14
-38
30
-13
10
8
-14
-22
35
5
-2
-27
51
29
14
-17
-3
-54
-31
12
37
-6
-9
-18
19
-9
13
-10
-35
7
-7
0
11
-68
19
-22
-33
-36
28
-9
-31
4
-3
-17
-43
4
-12
-15
-21
-49
10
-23
-37
-75
12
-31
48
-27
16
1
-33
15
-25
4
1
-49
41
-65
-35
-86
30
5
-38
-39
-5
-20
22
11
-6
13
-1
-51
7
-26
11
-20
7
34
-31
-26
-18
24
-46
7
17
-5
11
9
-39
26
-37
-68
6
-17
24
-18
-4
-14
-12
14
-6
-36
-22
-64
-9
-5
16
-37
-19
11
-71
18
-2
-48
-43
12
16
11
6
-2
-30
-59
-38
-52
6
12
19
-3
-9
-14
14
-7
14
1
-40
-41
-1
-33
6
-13
-44
6
-44
16
-16
2
-34
-7
22
-2
17
-41
2
-21
-21
-42
-7
-12
-52
-26
28
-26
-43
-4
13
-27
-25
-32
6
-25
-24
-48
19
-61
16
-38
-24
24
30
41
-36
-3
-10
-81
38
-61
2
26
-9
-29
-47
-36
35
-20
-49
9
12
22
10
1
-24
-26
-11
-88
-37
34
-60
-14
0
5
-81
32
-9
-38
24
18
4
14
-3
-57
28
10
-47
-34
5
15
-15
-26
16
15
13
-25
-6
-45
-31
-68
5
-15
-110
18
2
-54
0
11
9
-29
-12
-7
5
15
-3
-31
-29
22
-29
-21
1
-30
-43
-14
5
36
2
-15
-6
-61
1
-101
-69
-22
-67
0
-13
17
-10
-4
6
-12
-11
-45
11
-6
-9
-30
0
0
-91
13
-24
-5
20
26
-2
-7
-21
-25
2
22
-15
-50
13
-61
26
-15
13
27
46
30
-29
40
-2
-82
-33
-42
5
20
-20
-5
-30
-13
3
-49
-22
48
61
-14
-30
39
8
12
-11
-7
-31
13
-66
10
-15
-18
-43
27
28
-59
18
3
5
50
-20
-55
34
5
-83
-21
-24
-6
-28
31
1
-12
-15
-5
-18
15
0
-65
17
-10
-73
24
-12
-55
13
-6
27
-48
-12
4
-10
47
-6
-28
16
8
-70
-19
9
-9
4
15
2
-18
14
22
46
2
-27
-2
3
20
19
16
-25
-3
-21
-34
-27
20
18
8
-17
-5
19
-30
37
-15
29
18
21
-1
-4
18
3
-3
2
-24
-4
11
4
42
3
31
19
-46
11
65
5
-35
-62
-14
-15
55
47
-3
-57
-47
-11
-22
-68
5
17
15
1
0
-59
14
-1
-33
-23
-40
3
68
-59
3
5
14
5
-5
-4
2
27
-11
19
-12
-29
2
-40
42
22
4
-4
30
11
-9
-9
12
-6
8
37
-28
-20
5
25
31
-6
13
51
21
7
-16
-10
-1
50
4
-1
-3
0
36
56
47
2
12
-46
9
4
-23
6
24
3
4
4
1
-44
-15
70
68
-16
-19
72
2
-19
6
-44
-27
-9
-28
10
15
-16
1
23
-55
-9
-15
22
40
-4
-3
-41
-11
-12
3
-2
-36
-30
28
6
-4
25
38
-8
18
12
21
-18
2
-36
-8
-1
11
10
-39
-76
-85
0
-27
-29
-20
32
-24
-11
7
-79
18
4
-26
10
-39
-10
67
-14
6
69
30
13
24
-40
16
-11
-23
23
20
16
-8
9
-6
18
16
38
22
28
-1
0
24
21
-19
8
-11
-28
12
35
-5
5
-53
39
-21
12
9
-29
8
-8
36
9
-44
6
29
33
-38
-1
-24
-13
17
10
15
-17
8
8
24
4
2
-26
40
56
31
-21
-12
26
51
-2
3
-2
-11
-4
-27
19
-28
16
-36
-2
-49
4
-12
50
3
-25
28
-39
14
20
-18
-3
-40
14
28
-27
-74
-19
25
-51
34
56
6
11
1
-6
-15
9
11
43
-47
-4
34
-22
-33
-28
28
-10
30
-25
6
13
26
-8
-48
17
25
-28
-29
3
-26
30
-8
-2
14
-46
4
-1
-22
3
-51
30
-33
11
-82
14
30
35
30
-3
27
-40
10
14
-16
25
-34
9
-24
5
-55
-22
-40
38
12
-7
8
-32
-11
13
-3
16
-6
14
3
29
-61
-11
-46
32
21
-9
45
-19
5
-17
-14
-32
16
-22
41
40
-62
-33
-11
22
7
8
-3
7
-2
18
4
27
-10
-2
-60
-21
-12
3
-4
41
13
-29
-4
2
8
29
4
-12
-54
-4
-57
-21
-14
-17
27
-67
33
22
4
65
-6
14
4
21
-31
37
-22
-43
17
37
-60
-10
-1
52
56
1
39
9
32
-5
-28
-12
13
24
-45
-37
-43
39
27
9
-8
-60
-3
14
-33
-13
-40
-13
-26
-37
-74
-31
-7
-12
-7
17
40
-42
-24
-11
-6
23
-22
-6
2
-34
-37
4
-51
10
35
5
27
0
-19
32
29
-13
-29
7
-34
50
34
-41
-15
59
11
-6
26
-27
21
13
-26
-31
-10
-9
9
16
-44
-44
-6
-22
22
-46
10
-14
-19
-27
-11
5
-58
-11
-62
-13
-21
34
-13
-35
8
-35
12
1
-24
5
-23
-19
-59
-11
-26
-14
8
39
53
-40
31
14
43
27
26
-12
30
41
-23
-13
26
-28
17
86
-54
-26
17
16
-7
53
-18
37
5
-10
-33
14
-8
-3
22
22
-43
22
23
-39
-1
-31
-22
26
-27
30
-29
0
-31
17
-8
6
-17
-10
35
-25
6
-22
-8
19
4
20
-46
-1
-42
4
-13
15
-16
-11
-21
-11
-22
30
-33
-4
-2
23
-71
-21
46
18
30
54
-28
-8
6
-4
-14
14
-33
11
-3
12
-3
38
-36
12
7
-2
60
14
53
-3
-38
-48
-9
-39
-6
0
25
-8
-35
-10
-26
-11
13
-20
47
18
7
-24
-16
-33
-16
7
8
-12
-20
20
14
5
21
40
-29
-50
46
-10
5
25
-42
-45
-9
-1
14
-63
9
21
-52
-46
-12
43
-6
-55
-31
-72
-4
11
22
38
-35
-80
103
-42
15
-60
45
-10
-9
11
-14
-53
9
16
34
3
-27
-32
17
-9
26
-20
57
-8
-6
-42
-13
-15
33
11
13
4
-33
-4
0
-7
-10
-11
-24
33
-30
-9
9
-37
34
22
-24
-1
6
65
28
-1
-15
-70
40
48
8
-21
1
-41
34
34
-20
-13
-1
28
69
-38
62
-10
16
3
13
-1
-25
11
24
41
41
-13
32
29
-27
-6
33
25
29
-1
-16
-52
-10
-8
22
40
13
17
15
49
-37
-23
45
19
13
-17
-25
-13
-35
24
-46
-31
37
-2
25
-93
-46
-5
-26
-20
15
0
-23
-31
-10
-15
1
0
-35
24
-33
-27
36
-11
35
22
23
20
33
-9
16
-13
-20
17
32
-24
10
18
-40
14
17
-13
29
13
-22
-9
20
5
10
2
-19
16
16
41
3
-14
-3
9
-43
-43
-23
-39
-11
19
52
2
-12
13
26
56
-45
17
-35
-20
-18
0
4
-50
9
-30
18
47
13
15
15
48
0
-23
36
-16
33
-34
10
7
-13
-34
-22
19
29
19
21
25
-21
-25
41
9
-9
-33
-16
-34
-32
2
-30
-10
15
-12
41
24
-55
-44
29
31
19
47
-49
51
4
29
-33
-11
-7
4
-77
-39
5
8
-47
17
-2
11
2
-33
-22
41
25
-15
-37
40
29
-5
-24
-45
42
-3
49
-26
12
-14
15
30
-20
11
23
25
7
33
-94
-7
14
7
10
-4
-11
-27
26
16
23
-10
1
27
15
17
-69
-27
-27
20
6
0
29
-4
-21
16
-30
6
30
43
94
26
-37
-57
7
-3
10
-35
35
-46
-20
-16
23
20
-9
11
58
22
-65
-76
68
1
45
-15
31
-1
26
-27
-18
16
17
6
-9
2
-27
11
45
27
29
9
41
4
-18
15
0
6
25
17
-22
17
20
-3
35
-62
14
8
-69
12
45
-29
-7
64
-41
21
-62
-25
19
48
-39
47
20
28
35
27
-31
43
-16
5
-31
29
12
27
5
-48
10
24
36
9
14
-2
-37
15
-15
-2
3
-8
-8
-4
-12
-1
28
16
-16
-9
-1
-13
-17
28
-32
30
40
1
-4
-5
-43
-12
-5
71
14
-15
40
5
15
-7
24
20
-37
16
17
18
53
-18
-27
58
-30
-16
53
19
-16
17
-23
4
-6
-34
28
-5
-12
-33
46
-8
4
-6
23
50
16
-46
33
-9
30
-9
-20
-2
9
24
0
33
24
-2
8
15
-29
17
21
32
-1
1
-33
-20
31
8
35
-17
9
-13
22
-9
26
-60
-2
37
-1
14
-14
-31
8
78
-13
10
13
2
0
39
-21
41
36
26
-67
-6
-34
9
43
57
7
11
30
-14
-1
22
-11
-17
-7
-4
-41
-4
-31
13
0
2
1
6
5
-14
-4
46
13
4
-14
17
19
-20
-24
-7
17
3
-24
14
-18
-32
7
-9
-13
-65
12
30
-37
-21
12
22
61
70
-17
27
17
8
39
43
-25
28
27
-3
1
-11
-13
-5
49
30
39
0
26
46
-27
-15
23
30
36
0
44
-11
-11
6
-33
25
10
-41
34
47
-19
-44
-22
-8
5
-12
2
-18
1
-9
-9
24
-21
45
-117
-79
-25
16
26
77
-53
-39
20
-20
45
-2
-28
29
-11
-68
44
-19
-5
17
-46
-38
-32
-31
-3
37
15
-66
71
-31
45
-12
29
32
-15
-29
-7
-31
29
-5
10
-35
-1
5
-6
9
-2
-34
-6
61
11
-45
-3
-39
6
23
-2
14
-14
21
14
-9
31
-20
-14
28
-39
-7
5
-1
17
16
-18
3
-54
21
-32
2
4
-61
45
60
36
-46
5
-74
35
1
-5
34
-5
-7
54
-16
-24
-24
-13
21
-49
-6
56
-39
44
33
6
-23
-33
44
-37
-27
21
-41
-16
14
-41
-7
10
5
12
-8
18
3
-6
29
-47
-10
-16
83
-31
35
-26
18
3
28
-70
-51
31
-16
40
-48
20
-12
34
-10
5
-40
-11
-23
14
63
-27
-60
-24
18
14
20
7
11
54
7
6
54
-10
-12
3
14
40
14
0
2
-53
10
-65
0
-26
-17
5
36
-6
-25
43
-39
22
14
21
-12
-3
17
-21
-33
28
-42
-47
-37
-21
-13
13
-20
4
49
6
-2
34
20
-68
-6
-15
-62
-16
7
17
-73
4
-4
27
-11
15
43
15
13
-9
-46
44
-35
11
19
-35
-29
19
-33
33
16
49
6
-8
21
0
-3
29
-21
5
-28
-12
8
15
-14
31
37
44
-22
33
2
-9
-8
-11
89
43
62
-37
29
85
40
6
-37
1
-43
-110
-39
40
22
3
44
-1
-25
-54
5
-40
39
-15
0
24
38
64
14
1
-72
71
-16
16
27
-15
-31
22
-11
1
23
44
24
11
31
-33
-9
-4
-41
35
-26
-16
-13
35
14
7
24
4
10
29
2
-63
-3
19
7
-24
-40
15
11
-28
-21
6
-7
33
21
86
11
-21
-66
4
-37
-14
-39
-7
2
-11
25
9
25
11
5
68
26
-29
-65
18
5
-31
-4
46
-14
38
-4
19
-16
15
-10
-24
-5
22
-8
21
23
5
4
34
35
-13
13
2
-13
7
2
3
-1
-4
22
-1
32
-15
-5
-79
-59
71
5
24
26
-45
54
-92
-53
-9
27
24
61
-21
-28
-19
17
-38
18
17
43
-27
0
33
21
35
-3
46
-11
26
22
9
21
39
-7
-9
10
21
1
-18
-5
1
-2
26
-11
-16
18
20
44
18
26
-6
9
16
20
5
20
19
-41
26
8
-5
-53
42
11
17
-37
15
-23
6
13
14
-4
43
2
0
3
-29
-33
61
13
-2
16
7
6
30
-29
30
14
31
-37
-7
37
-54
26
51
26
15
-40
11
36
39
6
-42
4
-5
8
34
-12
-20
-15
12
27
8
-49
1
30
45
-9
-34
-8
24
24
-23
31
-8
18
38
-34
-14
-6
-1
47
-31
31
8
-59
-70
-89
27
-8
22
-60
-23
11
11
-46
35
20
-33
19
-19
-7
58
64
50
-1
9
-12
37
9
33
-20
1
-10
27
11
-53
7
2
18
-8
28
-14
-27
19
43
9
-14
4
49
34
-23
-30
5
14
27
6
21
-1
-27
19
11
-26
-52
4
-17
56
13
43
14
66
34
22
13
-33
-40
25
25
0
7
-20
13
41
-33
5
-21
32
14
-56
6
-69
34
35
12
-12
-17
15
-74
28
-46
-5
7
33
30
-15
-14
5
41
39
-9
-26
-8
-6
-64
16
-25
-13
8
18
9
-52
-24
-32
-86
-41
25
-11
15
-8
-34
7
-7
8
10
-19
3
10
11
-3
-51
6
0
-62
71
-22
-71
23
3
27
11
8
-21
25
43
-40
55
-14
-40
19
28
28
-40
30
-13
-4
19
1
1
-9
11
7
-7
33
8
11
-19
38
-57
41
-6
-20
6
11
2
11
2
-11
40
31
-40
11
3
-30
-42
32
43
6
-22
19
-17
1
-37
-24
23
2
-3
-5
22
24
-67
7
12
9
-12
10
-27
-77
-13
-56
8
15
7
62
-21
34
-56
-2
-17
-16
20
9
2
-34
-27
-41
8
-21
-1
48
-10
23
-28
28
5
11
-7
5
-2
-13
25
17
-27
-49
23
-57
-20
13
-74
-2
-61
84
15
-12
2
22
53
-29
-72
-48
-23
-35
52
-53
-41
21
8
65
-12
11
26
-5
23
-64
39
4
10
46
10
19
3
-7
-18
-22
-8
-25
-19
-21
0
-4
8
22
-29
1
26
40
-32
-7
-3
-1
33
-18
-6
-37
-12
-30
-9
-36
29
66
-24
27
-11
-9
25
49
-29
-45
5
-10
-22
-15
-2
14
-6
16
32
-36
-6
32
39
-4
28
12
-29
-68
-40
-41
18
-48
14
53
8
13
5
21
17
-5
19
5
6
-9
-6
-14
0
-16
12
26
-16
3
-3
4
-18
11
32
-31
-12
11
62
26
9
32
-15
-13
42
2
-111
8
-2
-40
-52
41
14
-8
18
-70
3
-51
35
-20
9
0
-7
24
0
100
17
33
-22
-4
13
-49
53
-38
3
63
-1
39
13
-5
18
25
11
-16
3
-18
-14
-42
17
-39
53
19
-12
20
4
4
29
-7
3
-19
-29
7
-38
-32
-11
-68
37
-27
-34
-17
15
7
18
52
19
12
16
-27
-14
-62
15
-14
57
1
-5
-23
-2
25
13
49
7
34
-25
-29
-12
-31
12
7
21
-1
-49
16
27
1
11
-5
31
-15
-3
-39
-34
-19
-9
-9
54
-4
-52
14
-7
36
-23
-10
-8
4
11
-15
34
-16
-16
-50
-38
-16
12
7
-15
-23
-1
-36
-35
-23
12
-22
16
-37
-42
-33
-1
21
-41
18
-37
16
37
20
-26
39
42
-14
-17
-35
28
-19
30
69
-22
29
-5
21
17
-13
-18
33
5
6
-17
-19
-9
-22
41
9
-25
17
-13
6
-14
27
-16
-7
9
-9
-39
3
-35
46
-5
-12
-46
17
19
28
-13
12
19
31
4
-22
4
-41
12
-64
27
-15
-1
-22
33
-1
-15
10
1
30
57
-17
0
-17
-24
-13
15
-13
-24
-2
26
17
10
-29
13
-5
17
-36
-8
-12
-16
36
14
23
-24
-7
11
44
-10
9
-20
32
25
-14
6
3
-14
-20
11
-38
9
-11
8
-35
-3
-22
-69
-119
-91
-8
26
5
-31
-6
26
-6
-72
46
-37
3
53
-1
-28
44
49
12
-10
-17
24
45
37
0
-43
39
26
11
15
-39
-32
5
-9
18
-30
-38
-33
9
26
-1
-7
5
29
-12
1
-9
18
25
30
-19
17
-58
-23
13
56
-18
-27
22
-11
50
-27
45
31
6
10
-62
12
-13
-32
-38
58
-35
-38
5
-40
28
-2
24
2
26
61
