26
-25
51
49
-102
-41
-32
21
-32
18
9
-6
15
10
43
-40
-4
44
-22
-20
-49
10
14
9
-50
-32
-58
19
-85
-75
-52
-35
42
12
-45
-51
17
74
45
-60
-46
30
-48
12
52
38
-39
-11
11
35
41
1
16
-80
-10
37
29
-49
41
-1
24
39
35
26
0
-85
-23
11
-24
-20
2
-54
69
12
-51
-14
-12
10
33
15
38
-21
-1
-45
23
19
-20
2
-4
-24
-19
25
-6
-1
19
-10
1
-22
2
25
9
-29
6
-32
-23
-21
-62
-13
-32
6
-7
-19
-14
20
-34
11
-1
-46
17
11
-6
-43
-40
-28
69
-23
17
9
-23
-84
36
40
-29
-50
11
-7
22
45
-51
-71
7
-31
-26
-73
65
44
-13
-1
-25
-4
-23
-51
-32
-35
28
-21
15
-13
-18
-5
-8
-24
-5
54
-70
33
-8
32
36
-28
-1
1
61
49
58
-24
-58
50
-38
-61
25
-20
-15
12
-44
33
-31
40
1
19
-46
22
-18
-99
-26
29
40
34
-16
27
6
23
-12
-14
12
10
-34
-4
48
40
6
54
-41
-23
19
15
25
-8
-20
21
-2
-1
35
4
14
-9
19
-34
-24
-9
-9
-25
6
27
10
14
33
-40
3
16
-21
31
-8
-15
45
12
15
-8
11
22
0
-30
-32
10
-36
-20
-40
41
28
34
22
-57
-28
-14
27
-25
-61
43
-17
16
-55
-15
-33
-2
4
-5
42
-35
16
40
-10
29
6
64
61
-30
-37
12
-81
-132
26
20
46
-17
-2
-3
-5
60
-49
-93
-9
37
-20
-145
72
80
76
-35
-38
-47
18
24
-29
8
20
-32
26
-3
-32
-24
20
-20
6
12
-34
60
17
65
2
-5
9
-40
34
40
-22
-30
-87
28
35
19
-22
19
-10
11
-63
16
-16
68
-65
-41
-1
-3
4
-26
7
39
29
-6
-14
4
32
1
13
16
38
0
-43
3
30
3
23
54
-54
-12
45
30
44
-21
-41
4
1
-22
-36
14
-29
26
31
-33
47
6
-8
29
5
2
-28
-22
30
-3
-25
13
-25
45
-9
42
46
-6
19
-11
23
-30
20
-20
11
21
21
1
-71
27
20
17
-13
4
-7
-28
8
-13
-22
44
-18
53
-23
22
19
-1
-18
-11
-38
1
17
-12
-2
-6
52
12
21
-68
-58
-6
-10
-11
3
68
33
1
-12
-3
-24
22
6
38
-38
82
-52
-23
79
-93
55
-30
12
-65
-37
74
-34
47
53
-74
-46
24
-72
-46
-16
-54
-48
-13
-57
96
-5
42
25
24
2
-21
37
32
-69
-60
-52
-3
-3
37
-29
33
18
-13
7
67
16
39
12
36
-36
45
-2
20
16
40
27
-8
-20
2
11
-62
7
-51
-75
-26
38
-51
27
32
-38
58
-71
-23
5
-23
0
11
-39
-10
-7
-24
-10
22
-15
38
-2
-8
17
-27
-32
33
-6
33
0
-29
3
-11
-15
11
36
-5
25
-10
-16
-32
-41
-22
-18
-14
8
-8
-6
-53
-6
-10
13
2
-25
-21
6
5
-30
9
-39
-16
-1
8
11
20
-22
-12
-29
-39
31
-17
-19
19
10
12
21
-35
38
-9
18
-116
-58
21
-6
12
34
28
14
34
6
-60
-10
-13
-16
10
-48
62
-39
53
63
-93
-11
50
-26
-69
64
43
-6
-45
23
-50
-58
-11
2
-60
-20
4
21
-8
33
11
-63
73
-28
-20
-6
10
-42
3
47
-12
-32
70
3
-160
-29
3
-19
-7
10
-1
-54
21
-6
31
-15
-13
7
-67
16
11
33
-25
53
12
-48
-39
-35
10
-21
25
-14
-41
29
67
27
-27
-18
-24
18
-30
29
-29
-16
20
-1
21
17
-17
-11
-22
-15
9
-34
-52
31
1
-9
-20
10
28
4
29
-45
16
13
-31
3
-33
21
-30
34
-2
-8
35
7
-10
-51
34
20
3
5
-31
23
-17
14
22
68
-9
-35
-2
-7
54
-25
-75
42
19
3
15
3
-53
27
19
-20
42
46
-47
-95
-50
-6
-36
8
66
-40
-24
3
-16
-41
-64
16
-4
-22
29
-38
-34
7
3
-68
-51
11
26
35
0
-20
29
-3
-32
16
41
2
-17
-10
-6
-16
-9
-57
-69
26
45
10
32
-38
2
5
-4
-19
10
57
22
-65
-25
-85
71
33
-37
-28
6
20
-4
24
19
9
10
6
44
24
-53
-50
-51
1
19
5
-76
35
42
-4
-33
19
8
-32
-45
-49
-20
60
0
1
-35
-12
48
-38
9
6
33
-16
10
-77
-78
-3
16
-10
-32
-17
-34
6
65
-14
31
-16
-11
3
-19
10
-41
34
-38
-55
-50
-4
-60
26
-40
-33
-20
32
33
-53
-27
-55
23
-20
2
2
11
39
10
-1
16
51
-50
5
-4
51
41
-4
-26
4
6
14
-7
18
39
9
-13
-14
27
31
16
3
-95
-30
45
-42
70
-21
24
10
-38
-44
-101
-7
31
11
40
22
-31
33
14
-16
7
-24
52
78
-44
-21
-30
-47
-19
-9
47
-91
-20
1
40
8
-20
-75
-41
-27
33
-15
22
-9
-21
-11
43
18
-9
2
-14
-68
-41
-33
-6
-7
20
-19
-24
-33
-31
29
3
-14
-26
-10
-15
8
-55
-1
23
40
39
29
-55
42
-5
5
-24
7
-25
2
19
-13
24
-6
-13
-56
26
27
-8
15
-47
-10
34
-21
-7
-39
6
-21
6
25
-21
13
-13
26
-20
-26
30
13
10
-31
15
-17
29
29
5
-17
-9
-19
-29
33
28
-9
-21
39
8
-22
-19
0
1
13
-32
-23
-31
39
23
3
-53
28
-10
-37
31
57
-25
-28
-15
33
17
-20
43
-7
-20
-18
-7
50
26
36
13
24
-35
-15
41
-15
-23
9
48
32
3
6
-43
-12
-31
44
-41
17
35
25
62
8
-1
4
-10
-1
31
6
39
-3
78
62
10
17
-111
-68
16
14
6
-18
-100
-15
-41
-23
30
62
8
25
15
24
-17
10
4
-79
-6
56
-6
-2
8
-33
32
-43
35
-11
-27
-71
5
19
7
-11
36
-25
37
20
-22
-13
40
-5
-41
18
-33
-28
5
-5
31
67
14
-30
-18
-15
-2
20
-18
-3
-30
29
6
14
26
-3
3
42
-35
44
22
-16
27
-20
-7
-5
-26
-25
19
-9
-100
-95
10
26
-27
1
25
11
30
-1
-5
-3
-4
-30
-47
53
21
9
-13
-61
21
-53
48
12
-22
-12
49
12
-31
-22
-28
54
28
-67
-40
-2
-23
17
1
25
19
-19
42
-12
3
30
42
12
4
-26
34
-42
-15
-35
19
-5
-26
-13
-19
52
-29
-10
12
-6
40
34
14
30
8
-9
-86
-21
39
-1
8
58
-31
-22
-93
-33
-123
3
-7
59
28
-48
-17
28
14
21
65
-45
7
15
18
-69
-18
-30
-79
31
73
-81
-13
64
25
-9
0
-51
43
13
45
-71
21
-64
13
-8
125
-17
-6
32
8
47
-27
-6
-26
6
1
30
14
-47
2
21
4
23
-19
16
-25
20
-31
8
3
7
-10
36
-35
-43
29
19
10
-20
26
-46
10
-16
-34
22
-14
-24
-30
-8
9
-31
48
25
-37
-7
27
21
-35
-21
-17
7
-49
10
-15
2
-50
27
-1
-33
-18
-12
-63
21
-38
-110
-4
9
-22
-58
32
-98
42
-27
-82
14
-56
27
-63
38
29
-18
38
-14
-45
8
-43
-41
23
29
12
28
84
-3
-24
6
-28
-53
36
54
12
34
-83
-4
32
46
15
9
-65
18
-52
11
-38
27
49
-27
-1
36
-1
-48
-52
-7
13
19
-19
-8
-24
-28
6
19
15
-27
11
-33
7
-10
-26
14
-25
10
50
-75
-63
49
16
27
-48
-3
-51
39
-42
-16
-43
31
7
-1
60
-75
-30
32
-20
23
-28
22
63
15
28
22
61
-4
29
39
27
-7
-17
-30
44
26
-23
-49
-32
26
30
50
-55
29
-47
-25
24
-18
28
36
-13
-6
1
-27
6
-38
-44
33
9
-34
-42
-1
43
10
-26
-31
-44
26
-25
42
10
-5
31
15
-26
-2
18
25
-16
34
0
-38
37
-23
-23
35
-13
-8
-10
-1
-12
-28
-42
53
7
12
-11
-2
-21
42
7
31
-20
22
52
-24
13
16
16
1
-4
15
-50
15
-75
-83
4
-3
37
2
-45
47
60
-23
4
-27
40
-38
11
68
2
-47
-11
-45
6
-5
-31
33
-2
-18
-8
-20
-18
-9
-48
39
17
45
-25
-5
28
-1
-8
-22
-66
-7
45
-25
37
19
-26
-20
34
-38
36
20
-36
18
7
12
-46
-23
32
1
-6
26
26
22
13
31
-3
-16
-54
28
-9
-12
51
-52
-11
48
-32
-35
-32
11
18
65
-32
27
14
-5
50
-12
-14
-12
17
-38
-15
-12
-8
13
-8
9
-32
-10
22
18
25
40
-24
10
9
-19
38
37
-23
31
5
-7
-19
36
-36
-19
-26
-37
-36
-38
-16
31
-14
34
20
-20
-22
-15
11
-1
-29
16
21
1
35
-36
-69
-11
4
15
25
16
1
36
-23
52
11
-14
3
-27
23
13
28
-12
-30
38
20
19
31
-49
-8
-11
10
8
-39
-7
-83
13
-21
-19
-61
-30
9
15
90
-34
6
-10
-12
25
-21
2
12
-52
-10
-36
60
6
-59
31
-20
3
-39
11
23
23
-86
-49
-40
-57
51
-36
38
47
-9
20
-11
4
-26
-22
10
30
19
-26
13
23
-8
1
44
21
-37
-19
-21
-17
4
-10
-31
6
14
-1
-7
-7
22
19
-77
47
-51
2
-49
27
33
-20
-33
-43
46
-13
34
-33
-9
-12
-12
-14
3
-44
4
-13
-14
62
-62
-26
42
-49
-13
13
42
20
16
0
18
31
-25
-40
-30
31
4
4
-40
12
43
49
-5
-31
-22
30
-27
-43
-26
-81
50
28
4
-69
56
-6
-13
-46
-7
-20
-4
33
18
36
-52
3
-4
14
-1
-35
-21
-79
18
-48
43
27
-39
38
8
-16
3
-45
2
-3
21
20
23
-6
-29
5
40
21
-17
-21
30
-65
-30
-49
80
35
-48
-57
-3
3
32
17
24
-24
6
-2
11
-9
34
5
34
-47
-17
-63
-3
-33
34
-94
51
5
33
-65
-44
-82
50
-4
9
32
6
6
14
-29
-65
-42
-5
33
47
9
6
-2
-16
7
-30
40
-109
38
-39
38
-2
-18
-4
12
-46
35
-14
19
17
1
-21
-20
9
4
25
26
-44
-14
-50
-57
21
-29
-36
-71
-28
-16
-26
14
38
52
-5
-18
30
23
20
-35
-5
24
2
-34
12
-30
-11
-40
-28
2
-19
-18
-30
39
21
-13
17
-27
-58
56
-7
-96
13
-40
53
-44
42
-113
-32
-123
15
29
-14
42
-5
-17
21
-12
2
14
-32
-37
17
30
4
6
-25
-26
22
23
-35
36
-101
-24
-20
-27
-49
29
0
1
-27
25
-45
49
-41
61
-49
-53
18
-42
29
-28
10
2
-26
-3
9
-18
18
-11
31
3
2
-8
14
-42
38
44
-79
23
18
-36
-76
-60
67
20
35
-33
-29
-18
44
19
19
48
-42
-30
-4
-4
-16
19
-10
34
23
0
-57
-49
-41
7
-36
52
-32
4
-23
-39
-12
-48
-11
-25
-43
-12
-44
-76
-9
24
-31
32
12
-60
-21
-15
-16
-3
-7
15
52
-72
42
-11
-108
23
-41
-12
-5
-5
26
26
39
40
16
-67
35
42
-33
27
23
-75
58
32
-66
-15
-45
41
-25
-10
-13
15
13
52
-36
37
-32
16
19
24
3
-40
47
-46
-29
-90
57
-11
-61
11
-34
-27
-11
-3
6
37
-15
-62
35
-66
-67
29
6
-41
50
-38
44
9
-16
28
2
-10
-57
47
-6
14
-7
27
30
96
-36
4
-39
-13
-7
-24
-18
-108
8
-59
-25
-20
5
-98
6
-29
34
-18
20
0
36
44
-9
32
-10
-36
-52
-8
-45
-4
47
-8
-6
6
-91
-14
-48
44
-12
43
-13
-38
-26
1
-28
-3
-20
40
-28
21
-52
-24
30
41
-9
45
-61
-39
32
57
-24
62
-48
-15
39
13
12
-21
21
27
39
-37
34
-66
44
-38
17
43
41
40
-27
-51
-13
20
-23
30
-12
3
-37
-20
29
-11
3
13
17
-44
12
-15
-16
-5
16
-28
-13
31
-13
10
11
19
-20
47
-47
-6
-28
-3
-4
-40
32
0
32
40
0
-30
16
-8
-42
-36
-66
-23
-29
-19
-12
-27
-8
12
42
-17
30
-128
23
-15
-1
41
-21
-12
51
25
14
19
5
29
28
-49
34
-8
-18
28
-60
6
70
-22
-50
46
13
-36
35
-17
-32
-73
-15
-100
42
19
17
-80
40
-16
30
28
74
46
13
46
-6
-6
-33
15
-31
-72
-17
-39
19
8
6
-30
-46
52
-12
16
21
-26
-22
-28
14
55
-3
-19
4
3
15
6
-14
-14
-43
11
47
-21
35
-74
50
66
-79
38
-24
-61
-22
-62
77
-16
-10
-98
68
38
-2
-49
29
-56
17
-44
-7
58
-52
-2
-32
13
-35
-36
17
18
-64
-22
17
-6
47
23
-20
17
-51
7
41
39
-6
-39
5
14
-49
27
-18
-46
-9
45
14
-12
-23
9
-22
17
-23
-21
-8
54
-1
-48
47
5
-37
21
-19
20
18
-33
3
38
-11
-38
-18
-58
3
-55
-8
-10
9
1
30
17
-3
39
30
-67
-3
-17
2
11
22
-22
-24
21
9
1
-35
-57
11
-32
48
17
24
-14
30
-13
19
-78
50
-32
37
-40
-83
49
-20
