0.000000
0.000000
0.000000
0.000000
0.000000
0.000000
0.000000
0.000000
0.000000
0.000000
0.000000
0.000000
0.000000
0.000000
0.000000
0.000000
0.000000
0.000000
0.000000
0.000000
0.000000
0.000000
0.000000
0.000000
0.000000
0.000000
0.000000
0.000000
0.000000
0.000000
0.000000
0.000000
0.000000
0.000000
0.000000
0.000000
0.000000
0.000000
0.000000
0.000000
0.000000
0.000000
0.000000
0.000000
0.000000
0.000000
0.000000
0.000000
0.000000
0.000000
0.000000
0.000000
0.000000
0.000000
0.000000
0.000000
0.003906
0.000000
0.019531
0.000000
0.000000
0.000000
0.000000
0.000000
0.187500
0.007812
0.195312
0.000000
0.000000
0.097656
0.000000
0.000000
0.539062
0.179688
0.750000
0.000000
0.000000
0.203125
0.000000
0.000000
0.976562
0.476562
1.433594
0.000000
0.000000
0.402344
0.164062
0.000000
1.414062
0.757812
1.949219
0.000000
0.000000
0.664062
0.421875
0.273438
1.660156
0.878906
1.984375
0.000000
0.000000
0.804688
0.332031
0.507812
1.753906
0.914062
1.824219
0.000000
0.000000
0.917969
0.113281
0.683594
1.738281
0.929688
1.707031
0.000000
0.000000
0.949219
0.062500
0.792969
1.480469
0.832031
1.421875
0.000000
0.000000
0.902344
0.019531
1.050781
0.945312
0.628906
1.046875
0.078125
0.000000
0.582031
0.000000
1.152344
0.449219
0.324219
0.605469
0.406250
0.000000
0.312500
0.000000
0.824219
0.140625
0.000000
0.273438
0.398438
0.000000
0.214844
0.000000
0.230469
0.000000
0.000000
0.039062
0.113281
0.000000
0.027344
0.000000
0.000000
0.000000
0.000000
0.000000
0.000000
0.000000
0.000000
0.000000
0.000000
0.000000
0.000000
0.000000
0.000000
0.000000
0.000000
0.000000
0.000000
0.000000
0.000000
0.000000
0.000000
0.000000
0.000000
0.000000
0.000000
0.000000
0.000000
0.000000
0.000000
0.000000
0.000000
0.000000
0.000000
0.000000
0.000000
0.000000
0.000000
0.000000
0.000000
0.000000
0.000000
0.000000
0.000000
0.000000
0.000000
0.000000
0.000000
0.000000
0.000000
0.000000
0.000000
0.000000
0.000000
0.000000
0.000000
0.000000
0.000000
0.000000
0.000000
0.000000
0.000000
0.000000
0.000000
0.000000
0.000000
0.000000
0.000000
0.000000
0.000000
0.000000
0.000000
0.000000
0.000000
0.000000
0.000000
0.000000
0.000000
0.000000
0.000000
0.000000
0.000000
0.027344
0.000000
0.035156
0.000000
0.000000
0.003906
0.000000
0.000000
0.273438
0.039062
0.304688
0.000000
0.000000
0.125000
0.000000
0.000000
0.757812
0.285156
1.031250
0.000000
0.000000
0.257812
0.000000
0.000000
1.503906
0.679688
1.925781
0.000000
0.000000
0.597656
0.312500
0.000000
2.191406
1.101562
2.296875
0.000000
0.000000
0.859375
0.703125
0.000000
2.554688
1.421875
2.031250
0.000000
0.000000
0.949219
0.765625
0.164062
2.714844
1.671875
1.476562
0.000000
0.000000
1.062500
0.562500
0.457031
2.824219
1.785156
1.167969
0.000000
0.000000
1.148438
0.300781
0.652344
2.824219
1.832031
1.019531
0.000000
0.031250
1.156250
0.226562
0.777344
2.578125
1.781250
0.773438
0.000000
0.000000
1.136719
0.171875
1.167969
1.964844
1.500000
0.464844
0.304688
0.000000
1.113281
0.000000
1.742188
1.207031
1.003906
0.156250
0.820312
0.000000
0.742188
0.000000
1.730469
0.535156
0.386719
0.058594
0.800781
0.000000
0.406250
0.000000
0.957031
0.101562
0.000000
0.035156
0.382812
0.000000
0.222656
0.000000
0.203125
0.000000
0.000000
0.019531
0.042969
0.000000
0.000000
0.000000
0.000000
0.000000
0.000000
0.000000
0.000000
0.000000
0.000000
0.000000
0.000000
0.000000
0.000000
0.000000
0.000000
0.000000
0.000000
0.000000
0.000000
0.000000
0.000000
0.000000
0.000000
0.000000
0.000000
0.000000
0.000000
0.000000
0.000000
0.000000
0.000000
0.000000
0.000000
0.000000
0.000000
0.000000
0.000000
0.000000
0.000000
0.000000
0.000000
0.000000
0.000000
0.000000
0.000000
0.000000
0.000000
0.000000
0.000000
0.000000
0.000000
0.000000
0.000000
0.000000
0.000000
0.000000
0.000000
0.000000
0.000000
0.000000
0.000000
0.000000
0.000000
0.000000
0.000000
0.000000
0.000000
0.000000
0.000000
0.007812
0.000000
0.000000
0.000000
0.000000
0.000000
0.261719
0.027344
0.246094
0.000000
0.000000
0.097656
0.000000
0.000000
0.851562
0.281250
1.019531
0.000000
0.000000
0.300781
0.000000
0.000000
1.703125
0.718750
1.914062
0.000000
0.000000
0.640625
0.328125
0.000000
2.332031
1.277344
2.199219
0.000000
0.000000
0.753906
0.816406
0.000000
2.484375
1.667969
1.535156
0.000000
0.066406
0.710938
0.863281
0.000000
2.535156
1.929688
0.429688
0.000000
0.734375
0.695312
0.769531
0.234375
2.714844
2.054688
0.000000
0.000000
1.183594
0.750000
0.480469
0.394531
2.796875
2.136719
0.000000
0.000000
1.445312
0.843750
0.253906
0.417969
2.933594
2.234375
0.000000
0.000000
1.429688
0.933594
0.292969
0.414062
3.132812
2.371094
0.000000
0.000000
1.183594
1.066406
0.468750
0.800781
2.863281
2.300781
0.000000
0.390625
0.699219
1.132812
0.523438
1.683594
2.035156
1.890625
0.000000
1.054688
0.386719
1.167969
0.000000
2.187500
1.089844
1.109375
0.000000
1.316406
0.281250
0.785156
0.000000
1.792969
0.398438
0.199219
0.000000
0.867188
0.000000
0.410156
0.000000
0.667969
0.003906
0.000000
0.000000
0.191406
0.000000
0.105469
0.000000
0.039062
0.000000
0.000000
0.000000
0.000000
0.000000
0.000000
0.000000
0.000000
0.000000
0.000000
0.000000
0.000000
0.000000
0.000000
0.000000
0.000000
0.000000
0.000000
0.000000
0.000000
0.000000
0.000000
0.000000
0.000000
0.000000
0.000000
0.000000
0.000000
0.000000
0.000000
0.000000
0.000000
0.000000
0.000000
0.000000
0.000000
0.000000
0.000000
0.000000
0.000000
0.000000
0.000000
0.000000
0.000000
0.000000
0.000000
0.000000
0.000000
0.000000
0.000000
0.000000
0.000000
0.000000
0.000000
0.000000
0.000000
0.000000
0.000000
0.000000
0.000000
0.000000
0.000000
0.000000
0.000000
0.011719
0.000000
0.035156
0.000000
0.000000
0.000000
0.000000
0.000000
0.609375
0.128906
0.613281
0.000000
0.000000
0.160156
0.000000
0.000000
1.496094
0.519531
1.460938
0.000000
0.000000
0.507812
0.042969
0.000000
2.062500
1.097656
1.734375
0.000000
0.089844
0.531250
0.656250
0.000000
2.019531
1.753906
1.257812
0.000000
0.589844
0.304688
1.191406
0.000000
1.683594
1.707031
0.000000
0.000000
1.117188
0.292969
0.835938
0.191406
1.492188
1.683594
0.000000
0.417969
1.531250
0.324219
0.449219
0.398438
1.246094
1.753906
0.000000
0.839844
1.875000
0.421875
0.070312
0.273438
1.113281
1.890625
0.000000
0.574219
2.234375
0.464844
0.148438
0.105469
1.480469
2.101562
0.000000
0.042969
2.082031
0.667969
0.535156
0.000000
2.246094
2.492188
0.000000
0.000000
1.750000
1.109375
0.828125
0.089844
2.953125
2.910156
0.000000
0.085938
1.261719
1.292969
1.312500
1.191406
2.636719
2.765625
0.000000
1.125000
1.007812
1.359375
1.082031
2.335938
1.660156
1.843750
0.000000
1.648438
0.664062
1.191406
0.000000
2.289062
0.679688
0.769531
0.000000
1.351562
0.437500
0.667969
0.000000
1.164062
0.113281
0.000000
0.000000
0.425781
0.000000
0.242188
0.000000
0.250000
0.000000
0.000000
0.000000
0.000000
0.000000
0.000000
0.000000
0.000000
0.000000
0.000000
0.000000
0.000000
0.000000
0.000000
0.000000
0.000000
0.000000
0.000000
0.000000
0.000000
0.000000
0.000000
0.000000
0.000000
0.000000
0.000000
0.000000
0.000000
0.000000
0.000000
0.000000
0.000000
0.000000
0.000000
0.000000
0.000000
0.000000
0.000000
0.000000
0.000000
0.000000
0.000000
0.000000
0.000000
0.000000
0.000000
0.000000
0.000000
0.000000
0.000000
0.000000
0.000000
0.000000
0.000000
0.000000
0.000000
0.000000
0.000000
0.000000
0.000000
0.000000
0.000000
0.000000
0.000000
0.031250
0.000000
0.062500
0.000000
0.027344
0.000000
0.000000
0.000000
0.722656
0.136719
0.726562
0.000000
0.242188
0.132812
0.000000
0.000000
1.332031
0.570312
1.054688
0.000000
0.382812
0.179688
0.070312
0.000000
1.425781
1.125000
0.929688
0.000000
0.636719
0.027344
0.945312
0.000000
1.195312
1.687500
0.000000
0.000000
1.136719
0.000000
1.671875
0.031250
0.824219
1.609375
0.000000
1.046875
1.304688
0.230469
0.593750
0.863281
0.273438
1.558594
0.000000
1.765625
1.468750
0.277344
0.000000
0.769531
0.000000
1.398438
0.000000
1.386719
1.593750
0.312500
0.000000
0.488281
0.000000
1.277344
0.000000
0.851562
1.507812
0.265625
0.144531
0.101562
0.289062
1.378906
0.000000
0.000000
1.289062
0.281250
0.441406
0.000000
1.082031
1.816406
0.000000
0.000000
1.062500
0.617188
0.980469
0.000000
2.246094
2.605469
0.281250
0.000000
0.906250
1.238281
1.832031
0.417969
2.558594
3.093750
0.000000
1.171875
0.808594
1.285156
1.980469
2.101562
1.968750
2.316406
0.000000
2.054688
0.808594
1.355469
0.277344
2.582031
0.968750
1.277344
0.000000
1.636719
0.722656
0.964844
0.000000
1.480469
0.234375
0.058594
0.000000
0.664062
0.234375
0.417969
0.000000
0.476562
0.000000
0.000000
0.000000
0.000000
0.000000
0.000000
0.000000
0.000000
0.000000
0.000000
0.000000
0.000000
0.000000
0.000000
0.000000
0.000000
0.000000
0.000000
0.000000
0.000000
0.000000
0.000000
0.000000
0.000000
0.000000
0.000000
0.000000
0.000000
0.000000
0.000000
0.000000
0.000000
0.000000
0.000000
0.000000
0.000000
0.000000
0.000000
0.000000
0.000000
0.000000
0.000000
0.000000
0.000000
0.000000
0.000000
0.000000
0.000000
0.000000
0.000000
0.000000
0.000000
0.000000
0.000000
0.000000
0.000000
0.000000
0.000000
0.000000
0.000000
0.000000
0.000000
0.000000
0.000000
0.000000
0.000000
0.035156
0.000000
0.042969
0.000000
0.000000
0.000000
0.160156
0.000000
0.457031
0.000000
0.621094
0.000000
0.000000
0.000000
0.250000
0.250000
0.367188
0.000000
0.921875
0.000000
0.000000
0.000000
0.320312
0.664062
0.000000
0.000000
1.191406
0.000000
1.171875
0.000000
0.339844
1.371094
0.000000
0.500000
1.269531
0.000000
1.539062
0.218750
0.070312
1.695312
0.000000
1.984375
1.558594
0.273438
0.371094
1.195312
0.000000
1.324219
0.000000
1.910156
1.257812
0.488281
0.000000
1.132812
0.000000
0.863281
0.000000
1.363281
0.785156
0.480469
0.000000
0.652344
0.000000
0.671875
0.000000
0.570312
0.222656
0.382812
0.046875
0.089844
0.000000
0.773438
0.761719
0.000000
0.144531
0.445312
0.152344
0.000000
0.687500
1.285156
1.226562
0.000000
0.167969
0.507812
0.972656
0.000000
1.644531
2.093750
1.246094
0.000000
0.320312
0.882812
2.113281
0.000000
2.105469
2.843750
0.000000
1.054688
0.355469
1.179688
2.371094
1.824219
1.910156
2.410156
0.000000
2.398438
0.789062
1.332031
0.589844
2.734375
1.167969
1.535156
0.000000
1.902344
0.765625
1.121094
0.000000
1.562500
0.300781
0.332031
0.000000
0.726562
0.488281
0.628906
0.000000
0.636719
0.000000
0.000000
0.000000
0.000000
0.031250
0.000000
0.000000
0.000000
0.000000
0.000000
0.000000
0.000000
0.000000
0.000000
0.000000
0.000000
0.000000
0.000000
0.000000
0.000000
0.000000
0.000000
0.000000
0.000000
0.000000
0.000000
0.000000
0.000000
0.000000
0.000000
0.000000
0.000000
0.000000
0.000000
0.000000
0.000000
0.000000
0.000000
0.000000
0.000000
0.000000
0.000000
0.000000
0.000000
0.000000
0.000000
0.000000
0.000000
0.000000
0.000000
0.000000
0.000000
0.000000
0.000000
0.000000
0.000000
0.000000
0.000000
0.000000
0.000000
0.000000
0.000000
0.000000
0.000000
0.000000
0.000000
0.000000
0.000000
0.027344
0.000000
0.000000
0.000000
0.000000
0.000000
0.171875
0.000000
0.347656
0.000000
0.000000
0.000000
0.000000
0.000000
0.000000
0.000000
0.671875
0.000000
0.000000
0.000000
0.000000
0.179688
0.000000
0.000000
0.792969
0.000000
0.839844
0.000000
0.000000
0.878906
0.000000
1.156250
0.625000
0.000000
1.355469
0.152344
0.000000
1.339844
0.000000
1.945312
0.902344
0.496094
0.574219
1.136719
0.015625
1.035156
0.000000
1.609375
0.566406
0.765625
0.000000
0.960938
0.000000
0.765625
0.230469
0.808594
0.109375
0.734375
0.000000
0.457031
0.000000
0.519531
1.000000
0.000000
0.000000
0.515625
0.027344
0.000000
0.328125
0.460938
1.824219
0.000000
0.000000
0.398438
0.007812
0.000000
0.800781
1.050781
1.933594
0.000000
0.000000
0.460938
0.851562
0.000000
1.199219
1.761719
1.265625
0.000000
0.226562
0.433594
1.890625
0.000000
1.671875
2.367188
0.000000
1.406250
0.281250
0.980469
2.156250
1.800781
1.671875
2.285156
0.000000
2.714844
0.875000
1.285156
0.464844
2.558594
1.121094
1.511719
0.000000
1.921875
0.851562
1.113281
0.000000
1.460938
0.316406
0.542969
0.000000
0.597656
0.738281
0.703125
0.000000
0.667969
0.000000
0.000000
0.000000
0.000000
0.062500
0.011719
0.000000
0.000000
0.000000
0.000000
0.000000
0.000000
0.000000
0.000000
0.000000
0.000000
0.000000
0.000000
0.000000
0.000000
0.000000
0.000000
0.000000
0.000000
0.000000
0.000000
0.000000
0.000000
0.000000
0.000000
0.000000
0.000000
0.000000
0.000000
0.000000
0.000000
0.000000
0.000000
0.000000
0.000000
0.000000
0.000000
0.000000
0.000000
0.000000
0.000000
0.000000
0.000000
0.000000
0.000000
0.000000
0.000000
0.000000
0.000000
0.000000
0.000000
0.000000
0.000000
0.000000
0.000000
0.000000
0.000000
0.000000
0.000000
0.000000
0.000000
0.007812
0.000000
0.000000
0.000000
0.000000
0.000000
0.000000
0.000000
0.027344
0.000000
0.093750
0.000000
0.000000
0.000000
0.000000
0.000000
0.000000
0.000000
0.187500
0.000000
0.000000
0.000000
0.000000
0.000000
0.000000
0.132812
0.054688
0.000000
0.253906
0.000000
0.000000
0.339844
0.000000
1.089844
0.000000
0.023438
0.925781
0.355469
0.230469
0.953125
0.000000
1.152344
0.152344
0.679688
0.546875
0.750000
0.476562
0.949219
0.328125
0.562500
0.117188
0.812500
0.000000
0.441406
0.503906
0.644531
0.816406
0.000000
0.000000
0.609375
0.000000
0.023438
1.078125
0.500000
1.515625
0.000000
0.000000
0.460938
0.000000
0.000000
1.289062
0.613281
2.082031
0.000000
0.000000
0.175781
0.183594
0.000000
1.226562
1.082031
1.777344
0.000000
0.000000
0.257812
0.941406
0.000000
0.953125
1.500000
0.097656
0.000000
0.375000
0.160156
1.421875
0.265625
1.281250
1.976562
0.000000
2.156250
0.566406
0.718750
1.312500
1.929688
1.269531
2.000000
0.000000
2.777344
0.953125
1.089844
0.109375
2.179688
0.917969
1.281250
0.000000
1.644531
0.851562
1.062500
0.000000
1.199219
0.285156
0.613281
0.000000
0.429688
0.734375
0.613281
0.000000
0.531250
0.000000
0.015625
0.007812
0.000000
0.050781
0.015625
0.000000
0.000000
0.000000
0.000000
0.000000
0.000000
0.000000
0.000000
0.000000
0.000000
0.000000
0.000000
0.000000
0.000000
0.000000
0.000000
0.000000
0.000000
0.000000
0.000000
0.000000
0.000000
0.000000
0.000000
0.000000
0.000000
0.000000
0.000000
0.000000
0.000000
0.000000
0.000000
0.000000
0.000000
0.000000
0.000000
0.000000
0.000000
0.000000
0.000000
0.000000
0.000000
0.000000
0.000000
0.000000
0.000000
0.000000
0.000000
0.000000
0.000000
0.000000
0.000000
0.000000
0.000000
0.000000
0.000000
0.000000
0.000000
0.000000
0.000000
0.000000
0.000000
0.000000
0.000000
0.000000
0.000000
0.000000
0.000000
0.070312
0.000000
0.000000
0.000000
0.000000
0.000000
0.000000
0.000000
0.078125
0.000000
0.000000
0.000000
0.000000
0.000000
0.000000
0.000000
0.000000
0.214844
0.000000
0.000000
0.000000
0.000000
0.000000
0.199219
0.105469
0.453125
0.000000
0.300781
0.253906
0.222656
0.433594
0.636719
0.746094
0.000000
0.000000
0.605469
0.300781
0.167969
0.738281
0.757812
1.390625
0.000000
0.000000
0.644531
0.210938
0.125000
1.234375
0.730469
1.984375
0.000000
0.000000
0.605469
0.265625
0.000000
1.808594
0.808594
2.378906
0.000000
0.000000
0.664062
0.265625
0.000000
1.695312
1.050781
2.007812
0.000000
0.000000
0.320312
0.476562
0.000000
1.214844
1.363281
0.761719
0.000000
0.433594
0.171875
1.046875
0.000000
0.722656
1.539062
0.000000
0.789062
0.699219
0.187500
1.117188
1.011719
0.898438
1.828125
0.000000
2.777344
0.835938
0.843750
0.503906
2.019531
0.917969
1.609375
0.000000
2.449219
0.941406
0.984375
0.000000
1.812500
0.734375
1.070312
0.000000
1.148438
0.777344
0.968750
0.000000
0.863281
0.156250
0.542969
0.144531
0.175781
0.496094
0.472656
0.000000
0.312500
0.000000
0.000000
0.023438
0.000000
0.023438
0.000000
0.000000
0.000000
0.000000
0.000000
0.000000
0.000000
0.000000
0.000000
0.000000
0.000000
0.000000
0.000000
0.000000
0.000000
0.000000
0.000000
0.000000
0.000000
0.000000
0.000000
0.000000
0.000000
0.000000
0.000000
0.000000
0.000000
0.000000
0.000000
0.000000
0.000000
0.000000
0.000000
0.000000
0.000000
0.000000
0.000000
0.000000
0.000000
0.000000
0.000000
0.000000
0.000000
0.000000
0.000000
0.000000
0.000000
0.000000
0.000000
0.000000
0.000000
0.000000
0.000000
0.000000
0.000000
0.000000
0.000000
0.000000
0.000000
0.000000
0.000000
0.000000
0.000000
0.000000
0.000000
0.000000
0.000000
0.000000
0.000000
0.000000
0.000000
0.000000
0.000000
0.000000
0.000000
0.000000
0.000000
0.027344
0.000000
0.000000
0.000000
0.000000
0.000000
0.089844
0.000000
0.167969
0.000000
0.000000
0.109375
0.000000
0.000000
0.523438
0.199219
0.714844
0.000000
0.000000
0.230469
0.000000
0.000000
1.121094
0.566406
1.566406
0.000000
0.000000
0.460938
0.187500
0.000000
1.785156
0.949219
2.269531
0.000000
0.000000
0.824219
0.550781
0.000000
2.312500
1.121094
2.316406
0.000000
0.000000
0.917969
0.445312
0.000000
2.109375
1.289062
1.785156
0.000000
0.000000
0.558594
0.335938
0.000000
1.605469
1.476562
0.878906
0.000000
0.265625
0.398438
0.652344
0.000000
1.039062
1.578125
0.000000
0.000000
0.652344
0.269531
0.910156
0.683594
0.691406
1.703125
0.000000
2.105469
0.652344
0.371094
0.718750
1.738281
0.687500
1.730469
0.000000
2.816406
0.781250
1.027344
0.085938
2.062500
0.730469
1.242188
0.000000
1.906250
0.578125
1.078125
0.000000
1.320312
0.457031
0.867188
0.101562
0.675781
0.542969
0.773438
0.000000
0.542969
0.031250
0.320312
0.242188
0.000000
0.222656
0.277344
0.000000
0.113281
0.000000
0.000000
0.007812
0.000000
0.000000
0.000000
0.000000
0.000000
0.000000
0.000000
0.000000
0.000000
0.000000
0.000000
0.000000
0.000000
0.000000
0.000000
0.000000
0.000000
0.000000
0.000000
0.000000
0.000000
0.000000
0.000000
0.000000
0.000000
0.000000
0.000000
0.000000
0.000000
0.000000
0.000000
0.000000
0.000000
0.000000
0.000000
0.000000
0.000000
0.000000
0.000000
0.000000
0.000000
0.000000
0.000000
0.000000
0.000000
0.000000
0.000000
0.000000
0.000000
0.000000
0.000000
0.000000
0.000000
0.000000
0.000000
0.000000
0.000000
0.000000
0.000000
0.000000
0.000000
0.000000
0.000000
0.000000
0.000000
0.000000
0.000000
0.000000
0.000000
0.000000
0.000000
0.000000
0.000000
0.000000
0.000000
0.000000
0.000000
0.042969
0.000000
0.058594
0.000000
0.000000
0.000000
0.000000
0.000000
0.546875
0.132812
0.578125
0.000000
0.000000
0.156250
0.000000
0.000000
1.339844
0.492188
1.425781
0.000000
0.000000
0.519531
0.058594
0.000000
2.148438
1.015625
2.015625
0.000000
0.000000
0.773438
0.648438
0.000000
2.566406
1.589844
1.957031
0.000000
0.000000
0.792969
0.996094
0.000000
2.398438
1.703125
1.171875
0.000000
0.250000
0.703125
0.492188
0.000000
1.992188
1.753906
0.417969
0.000000
0.585938
0.468750
0.421875
0.000000
1.742188
1.785156
0.000000
0.000000
0.679688
0.515625
0.636719
0.335938
1.343750
1.964844
0.000000
0.796875
0.253906
0.675781
0.789062
1.414062
1.218750
2.175781
0.000000
2.226562
0.191406
1.175781
0.570312
2.535156
1.128906
1.847656
0.000000
2.289062
0.269531
1.234375
0.000000
2.335938
0.808594
1.078125
0.242188
1.402344
0.074219
1.136719
0.000000
1.105469
0.187500
0.457031
0.457031
0.371094
0.027344
0.566406
0.000000
0.316406
0.000000
0.011719
0.101562
0.000000
0.000000
0.058594
0.000000
0.000000
0.000000
0.000000
0.000000
0.000000
0.000000
0.000000
0.000000
0.000000
0.000000
0.000000
0.000000
0.000000
0.000000
0.000000
0.000000
0.000000
0.000000
0.000000
0.000000
0.000000
0.000000
0.000000
0.000000
0.000000
0.000000
0.000000
0.000000
0.000000
0.000000
0.000000
0.000000
0.000000
0.000000
0.000000
0.000000
0.000000
0.000000
0.000000
0.000000
0.000000
0.000000
0.000000
0.000000
0.000000
0.000000
0.000000
0.000000
0.000000
0.000000
0.000000
0.000000
0.000000
0.000000
0.000000
0.000000
0.000000
0.000000
0.000000
0.000000
0.000000
0.000000
0.000000
0.000000
0.000000
0.000000
0.000000
0.000000
0.000000
0.000000
0.000000
0.000000
0.000000
0.000000
0.000000
0.000000
0.000000
0.000000
0.000000
0.000000
0.000000
0.085938
0.000000
0.121094
0.000000
0.042969
0.000000
0.000000
0.000000
0.843750
0.191406
0.792969
0.000000
0.125000
0.214844
0.000000
0.000000
1.625000
0.652344
1.222656
0.000000
0.214844
0.390625
0.199219
0.000000
2.054688
1.343750
1.183594
0.000000
0.503906
0.421875
0.937500
0.000000
2.187500
1.980469
0.464844
0.000000
0.933594
0.324219
1.324219
0.000000
2.070312
1.859375
0.000000
0.000000
1.062500
0.417969
0.558594
0.054688
1.949219
1.949219
0.000000
0.000000
1.027344
0.644531
0.460938
0.253906
1.972656
2.285156
0.000000
0.000000
0.921875
0.882812
0.593750
0.609375
2.128906
2.656250
0.000000
0.964844
0.468750
1.300781
1.050781
1.613281
2.300781
2.687500
0.000000
1.578125
0.050781
1.925781
0.898438
2.675781
1.933594
2.230469
0.332031
1.609375
0.000000
1.703125
0.000000
2.472656
1.027344
1.328125
0.691406
1.078125
0.042969
1.136719
0.000000
1.652344
0.257812
0.292969
0.445312
0.468750
0.000000
0.507812
0.000000
0.531250
0.003906
0.000000
0.046875
0.175781
0.000000
0.066406
0.000000
0.000000
0.000000
0.000000
0.007812
0.000000
0.000000
0.000000
0.000000
0.000000
0.000000
0.000000
0.000000
0.000000
0.000000
0.000000
0.000000
0.000000
0.000000
0.000000
0.000000
0.000000
0.000000
0.000000
0.000000
0.000000
0.000000
0.000000
0.000000
0.000000
0.000000
0.000000
0.000000
0.000000
0.000000
0.000000
0.000000
0.000000
0.000000
0.000000
0.000000
0.000000
0.000000
0.000000
0.000000
0.000000
0.000000
0.000000
0.000000
0.000000
0.000000
0.000000
0.000000
0.000000
0.000000
0.000000
0.000000
0.000000
0.000000
0.000000
0.000000
0.000000
0.000000
0.000000
0.000000
0.000000
0.000000
0.000000
0.000000
0.000000
0.000000
0.000000
0.000000
0.000000
0.000000
0.000000
0.000000
0.000000
0.000000
0.000000
0.000000
0.000000
0.046875
0.000000
0.089844
0.000000
0.082031
0.000000
0.000000
0.000000
0.355469
0.062500
0.457031
0.000000
0.679688
0.000000
0.000000
0.000000
0.621094
0.433594
0.320312
0.000000
1.031250
0.000000
0.117188
0.000000
0.734375
0.835938
0.000000
0.000000
1.394531
0.000000
1.078125
0.000000
0.976562
1.464844
0.000000
0.000000
1.753906
0.000000
1.300781
0.000000
1.152344
1.910156
0.000000
0.453125
2.210938
0.371094
0.468750
0.058594
1.335938
2.136719
0.000000
0.351562
2.113281
0.695312
0.480469
0.027344
1.746094
2.445312
0.000000
0.023438
1.800781
1.027344
0.820312
0.113281
2.621094
2.906250
0.000000
0.242188
1.371094
1.539062
1.269531
1.000000
3.148438
3.148438
0.000000
0.593750
0.957031
1.652344
1.261719
1.832031
2.703125
2.757812
0.398438
0.921875
0.417969
1.851562
0.476562
2.269531
1.550781
1.738281
0.187500
1.105469
0.335938
1.289062
0.000000
2.218750
0.679688
0.589844
0.000000
0.972656
0.000000
0.519531
0.000000
1.195312
0.152344
0.000000
0.000000
0.480469
0.000000
0.269531
0.000000
0.296875
0.000000
0.000000
0.000000
0.066406
0.000000
0.011719
0.000000
0.000000
0.000000
0.000000
0.000000
0.000000
0.000000
0.000000
0.000000
0.000000
0.000000
0.000000
0.000000
0.000000
0.000000
0.000000
0.000000
0.000000
0.000000
0.000000
0.000000
0.000000
0.000000
0.000000
0.000000
0.000000
0.000000
0.000000
0.000000
0.000000
0.000000
0.000000
0.000000
0.000000
0.000000
0.000000
0.000000
0.000000
0.000000
0.000000
0.000000
0.000000
0.000000
0.000000
0.000000
0.000000
0.000000
0.000000
0.000000
0.000000
0.000000
0.000000
0.000000
0.000000
0.000000
0.000000
0.000000
0.000000
0.000000
0.000000
0.000000
0.000000
0.000000
0.000000
0.000000
0.000000
0.000000
0.000000
0.000000
0.000000
0.000000
0.000000
0.000000
0.000000
0.000000
0.000000
0.000000
0.000000
0.074219
0.000000
0.000000
0.000000
0.000000
0.000000
0.132812
0.000000
0.394531
0.000000
0.000000
0.000000
0.000000
0.000000
0.000000
0.000000
0.722656
0.000000
0.000000
0.000000
0.000000
0.226562
0.000000
0.000000
0.890625
0.000000
0.867188
0.000000
0.000000
0.933594
0.000000
0.433594
1.113281
0.000000
1.156250
0.000000
0.000000
1.480469
0.000000
0.828125
1.687500
0.093750
0.597656
0.000000
0.089844
1.492188
0.000000
0.480469
1.843750
0.171875
0.394531
0.000000
0.664062
1.734375
0.000000
0.000000
1.792969
0.359375
0.765625
0.000000
1.789062
2.296875
0.000000
0.000000
1.574219
1.007812
1.265625
0.000000
2.929688
2.933594
0.000000
0.000000
1.351562
1.308594
1.542969
0.562500
3.093750
3.031250
0.000000
0.480469
1.156250
1.394531
1.371094
1.761719
2.210938
2.347656
0.000000
1.171875
0.804688
1.398438
0.195312
2.390625
1.183594
1.281250
0.000000
1.515625
0.488281
0.886719
0.000000
1.875000
0.429688
0.265625
0.000000
0.964844
0.117188
0.445312
0.000000
0.730469
0.011719
0.000000
0.000000
0.191406
0.000000
0.113281
0.000000
0.062500
0.000000
0.000000
0.000000
0.000000
0.000000
0.000000
0.000000
0.000000
0.000000
0.000000
0.000000
0.000000
0.000000
0.000000
0.000000
0.000000
0.000000
0.000000
0.000000
0.000000
0.000000
0.000000
0.000000
0.000000
0.000000
0.000000
0.000000
0.000000
0.000000
0.000000
0.000000
0.000000
0.000000
0.000000
0.000000
0.000000
0.000000
0.000000
0.000000
0.000000
0.000000
0.000000
0.000000
0.000000
0.000000
0.000000
0.000000
0.000000
0.000000
0.000000
0.000000
0.000000
0.000000
0.000000
0.000000
0.000000
0.000000
0.000000
0.000000
0.000000
0.000000
0.000000
0.000000
0.000000
0.000000
0.000000
0.000000
0.000000
0.000000
0.000000
0.000000
0.000000
0.000000
0.000000
0.015625
0.000000
0.000000
0.000000
0.000000
0.000000
0.000000
0.000000
0.003906
0.000000
0.105469
0.000000
0.000000
0.000000
0.000000
0.000000
0.000000
0.000000
0.164062
0.000000
0.000000
0.000000
0.000000
0.000000
0.000000
0.062500
0.117188
0.000000
0.238281
0.000000
0.000000
0.218750
0.000000
0.601562
0.089844
0.000000
0.667969
0.000000
0.000000
0.652344
0.000000
0.687500
0.410156
0.121094
0.437500
0.070312
0.000000
0.652344
0.000000
0.304688
0.597656
0.183594
0.218750
0.000000
0.000000
0.773438
0.000000
0.000000
0.832031
0.085938
0.460938
0.000000
0.406250
1.230469
0.000000
0.000000
0.906250
0.230469
1.074219
0.000000
1.589844
2.093750
0.105469
0.000000
0.964844
0.851562
1.679688
0.000000
2.671875
2.968750
0.000000
0.000000
0.949219
1.265625
1.992188
1.050781
2.554688
2.886719
0.000000
1.417969
1.003906
1.343750
1.347656
2.425781
1.628906
1.902344
0.000000
1.832031
0.742188
1.218750
0.000000
2.261719
0.648438
0.789062
0.000000
1.359375
0.546875
0.714844
0.000000
1.109375
0.101562
0.000000
0.000000
0.386719
0.023438
0.226562
0.000000
0.226562
0.000000
0.000000
0.000000
0.000000
0.000000
0.000000
0.000000
0.000000
0.000000
0.000000
0.000000
0.000000
0.000000
0.000000
0.000000
0.000000
0.000000
0.000000
0.000000
0.000000
0.000000
0.000000
0.000000
0.000000
0.000000
0.000000
0.000000
0.000000
0.000000
0.000000
0.000000
0.000000
0.000000
0.000000
0.000000
0.000000
0.000000
0.000000
0.000000
0.000000
0.000000
0.000000
0.000000
0.000000
0.000000
0.000000
0.000000
0.000000
0.000000
0.000000
0.000000
0.000000
0.000000
0.000000
0.000000
0.000000
0.000000
0.000000
0.000000
0.000000
0.000000
0.000000
0.000000
0.000000
0.000000
0.000000
0.000000
0.000000
0.000000
0.000000
0.000000
0.000000
0.000000
0.000000
0.003906
0.000000
0.000000
0.000000
0.000000
0.000000
0.000000
0.000000
0.078125
0.000000
0.000000
0.000000
0.000000
0.000000
0.000000
0.000000
0.078125
0.000000
0.000000
0.000000
0.000000
0.000000
0.000000
0.000000
0.000000
0.246094
0.000000
0.000000
0.000000
0.000000
0.000000
0.000000
0.144531
0.554688
0.000000
0.023438
0.136719
0.011719
0.000000
0.242188
0.441406
0.476562
0.000000
0.253906
0.226562
0.046875
0.000000
0.175781
0.460938
0.121094
0.000000
0.144531
0.019531
0.000000
0.000000
0.105469
0.371094
0.000000
0.078125
0.000000
0.000000
0.000000
0.000000
0.453125
0.527344
0.000000
0.277344
0.007812
0.378906
0.000000
0.687500
1.152344
0.660156
0.000000
0.324219
0.261719
1.371094
0.000000
1.925781
2.335938
0.476562
0.000000
0.515625
1.023438
2.285156
0.304688
2.285156
3.031250
0.000000
1.390625
0.734375
1.253906
2.031250
2.246094
1.816406
2.230469
0.000000
2.238281
0.800781
1.332031
0.140625
2.542969
0.882812
1.187500
0.000000
1.558594
0.703125
0.972656
0.000000
1.324219
0.175781
0.050781
0.000000
0.527344
0.238281
0.394531
0.000000
0.382812
0.000000
0.000000
0.000000
0.000000
0.000000
0.000000
0.000000
0.000000
0.000000
0.000000
0.000000
0.000000
0.000000
0.000000
0.000000
0.000000
0.000000
0.000000
0.000000
0.000000
0.000000
0.000000
0.000000
0.000000
0.000000
0.000000
0.000000
0.000000
0.000000
0.000000
0.000000
0.000000
0.000000
0.000000
0.000000
0.000000
0.000000
0.000000
0.000000
0.000000
0.000000
0.000000
0.027344
0.000000
0.000000
0.000000
0.000000
0.000000
0.000000
0.000000
0.070312
0.000000
0.000000
0.000000
0.000000
0.000000
0.000000
0.000000
0.085938
0.000000
0.000000
0.000000
0.000000
0.000000
0.000000
0.000000
0.070312
0.000000
0.000000
0.000000
0.000000
0.000000
0.000000
0.000000
0.007812
0.000000
0.000000
0.000000
0.000000
0.000000
0.000000
0.000000
0.000000
0.000000
0.000000
0.000000
0.000000
0.000000
0.000000
0.000000
0.011719
0.000000
0.000000
0.000000
0.000000
0.000000
0.000000
0.000000
0.000000
0.000000
0.000000
0.000000
0.000000
0.000000
0.000000
0.000000
0.000000
0.000000
0.000000
0.000000
0.000000
0.000000
0.000000
0.000000
0.042969
0.000000
0.000000
0.000000
0.000000
0.000000
0.000000
0.000000
0.085938
0.000000
0.000000
0.000000
0.000000
0.000000
0.000000
0.000000
0.156250
0.000000
0.000000
0.000000
0.000000
0.000000
0.000000
0.000000
0.628906
0.000000
0.097656
0.000000
0.000000
0.000000
0.320312
0.593750
0.820312
0.000000
0.054688
0.007812
0.601562
0.000000
1.390625
1.734375
0.777344
0.000000
0.199219
0.558594
2.121094
0.000000
1.957031
2.812500
0.000000
1.210938
0.449219
1.109375
2.476562
2.023438
1.769531
2.308594
0.000000
2.457031
0.742188
1.339844
0.320312
2.703125
1.027344
1.386719
0.000000
1.769531
0.683594
1.097656
0.000000
1.402344
0.218750
0.234375
0.000000
0.550781
0.378906
0.562500
0.000000
0.500000
0.000000
0.000000
0.000000
0.000000
0.000000
0.000000
0.000000
0.000000
0.000000
0.000000
0.000000
0.000000
0.000000
0.000000
0.000000
0.000000
0.000000
0.000000
0.000000
0.000000
0.000000
0.000000
0.000000
0.000000
0.000000
0.000000
0.003906
0.000000
0.000000
0.000000
0.000000
0.000000
0.136719
0.000000
0.121094
0.000000
0.000000
0.074219
0.000000
0.000000
0.378906
0.101562
0.515625
0.000000
0.000000
0.183594
0.000000
0.000000
0.445312
0.261719
0.914062
0.000000
0.000000
0.191406
0.027344
0.222656
0.378906
0.351562
1.058594
0.000000
0.000000
0.160156
0.199219
0.542969
0.218750
0.125000
0.710938
0.230469
0.000000
0.132812
0.000000
0.328125
0.046875
0.000000
0.226562
0.234375
0.000000
0.085938
0.000000
0.027344
0.000000
0.000000
0.023438
0.019531
0.000000
0.000000
0.000000
0.000000
0.000000
0.000000
0.000000
0.000000
0.000000
0.000000
0.000000
0.000000
0.000000
0.000000
0.000000
0.000000
0.000000
0.000000
0.000000
0.000000
0.000000
0.000000
0.000000
0.000000
0.000000
0.000000
0.000000
0.000000
0.000000
0.000000
0.000000
0.000000
0.000000
0.000000
0.000000
0.000000
0.000000
0.000000
0.000000
0.000000
0.000000
0.000000
0.000000
0.000000
0.000000
0.000000
0.175781
0.000000
0.000000
0.000000
0.000000
0.000000
0.003906
0.000000
0.968750
0.000000
0.050781
0.000000
0.000000
0.000000
0.398438
0.476562
1.156250
0.000000
0.023438
0.000000
0.386719
0.000000
1.156250
1.421875
0.867188
0.000000
0.101562
0.281250
1.882812
0.000000
1.820312
2.472656
0.000000
1.292969
0.125000
0.921875
2.386719
1.871094
1.734375
2.312500
0.000000
2.550781
0.726562
1.335938
0.371094
2.734375
1.074219
1.441406
0.000000
1.835938
0.683594
1.132812
0.000000
1.414062
0.230469
0.312500
0.000000
0.550781
0.449219
0.621094
0.000000
0.542969
0.000000
0.000000
0.000000
0.000000
0.000000
0.000000
0.000000
0.000000
0.000000
0.000000
0.000000
0.000000
0.000000
0.000000
0.000000
0.000000
0.000000
0.000000
0.000000
0.000000
0.000000
0.000000
0.000000
0.000000
0.015625
0.000000
0.035156
0.000000
0.000000
0.000000
0.000000
0.000000
0.468750
0.105469
0.492188
0.000000
0.000000
0.132812
0.000000
0.000000
1.128906
0.429688
1.250000
0.000000
0.000000
0.449219
0.003906
0.000000
1.503906
0.789062
1.570312
0.000000
0.000000
0.710938
0.578125
0.328125
1.265625
0.996094
1.316406
0.000000
0.000000
0.625000
0.597656
1.156250
0.707031
0.582031
0.492188
0.574219
0.000000
0.425781
0.000000
1.152344
0.253906
0.078125
0.085938
0.589844
0.000000
0.304688
0.000000
0.453125
0.000000
0.000000
0.000000
0.171875
0.000000
0.085938
0.000000
0.015625
0.000000
0.000000
0.003906
0.000000
0.000000
0.000000
0.000000
0.000000
0.000000
0.000000
0.000000
0.000000
0.000000
0.000000
0.000000
0.000000
0.000000
0.000000
0.000000
0.000000
0.000000
0.000000
0.000000
0.000000
0.031250
0.000000
0.046875
0.000000
0.000000
0.007812
0.000000
0.000000
0.171875
0.015625
0.222656
0.000000
0.000000
0.093750
0.000000
0.000000
0.476562
0.152344
0.820312
0.000000
0.000000
0.128906
0.000000
0.000000
0.625000
0.242188
1.816406
0.000000
0.000000
0.000000
0.000000
0.000000
0.839844
0.718750
1.828125
0.000000
0.000000
0.167969
0.617188
0.000000
1.136719
1.406250
0.878906
0.000000
0.011719
0.226562
1.656250
0.000000
1.671875
2.226562
0.000000
1.648438
0.136719
0.878906
2.015625
1.914062
1.632812
2.222656
0.000000
2.687500
0.820312
1.308594
0.257812
2.554688
1.019531
1.378906
0.000000
1.761719
0.761719
1.101562
0.000000
1.332031
0.230469
0.410156
0.000000
0.464844
0.601562
0.617188
0.000000
0.546875
0.000000
0.000000
0.000000
0.000000
0.000000
0.000000
0.000000
0.000000
0.000000
0.000000
0.000000
0.000000
0.000000
0.000000
0.000000
0.000000
0.000000
0.000000
0.000000
0.000000
0.000000
0.000000
0.000000
0.000000
0.058594
0.000000
0.089844
0.000000
0.003906
0.000000
0.000000
0.000000
0.835938
0.179688
0.800781
0.000000
0.000000
0.234375
0.000000
0.000000
1.726562
0.664062
1.402344
0.000000
0.000000
0.484375
0.238281
0.000000
2.222656
1.343750
1.437500
0.000000
0.000000
0.632812
1.164062
0.000000
2.062500
1.804688
0.753906
0.000000
0.000000
0.816406
1.359375
1.351562
1.539062
1.320312
0.042969
0.792969
0.000000
0.890625
0.000000
1.878906
0.914062
0.726562
0.167969
0.691406
0.000000
0.625000
0.000000
1.292969
0.468750
0.121094
0.566406
0.136719
0.000000
0.433594
0.000000
0.531250
0.328125
0.058594
0.789062
0.000000
0.000000
0.207031
0.000000
0.187500
0.355469
0.125000
0.820312
0.000000
0.000000
0.203125
0.000000
0.160156
0.441406
0.164062
0.941406
0.000000
0.000000
0.242188
0.000000
0.160156
0.628906
0.261719
1.238281
0.000000
0.000000
0.296875
0.000000
0.113281
0.972656
0.437500
1.691406
0.000000
0.000000
0.417969
0.035156
0.035156
1.531250
0.648438
2.265625
0.000000
0.000000
0.656250
0.160156
0.000000
1.511719
0.722656
2.375000
0.000000
0.000000
0.390625
0.125000
0.000000
1.265625
1.097656
1.628906
0.000000
0.000000
0.359375
0.671875
0.000000
1.035156
1.542969
0.007812
0.000000
0.347656
0.292969
1.328125
0.449219
1.429688
2.062500
0.000000
2.226562
0.492188
0.835938
1.394531
2.078125
1.355469
2.007812
0.000000
2.710938
0.933594
1.160156
0.000000
2.191406
0.875000
1.195312
0.000000
1.503906
0.820312
1.042969
0.000000
1.125000
0.207031
0.488281
0.000000
0.328125
0.660156
0.531250
0.000000
0.460938
0.000000
0.000000
0.000000
0.000000
0.000000
0.000000
0.000000
0.000000
0.000000
0.000000
0.000000
0.000000
0.000000
0.000000
0.000000
0.000000
0.000000
0.000000
0.000000
0.000000
0.000000
0.000000
0.000000
0.000000
0.050781
0.000000
0.089844
0.000000
0.066406
0.000000
0.000000
0.000000
0.570312
0.109375
0.625000
0.000000
0.511719
0.000000
0.000000
0.000000
1.214844
0.636719
0.714844
0.000000
0.582031
0.082031
0.218750
0.000000
2.042969
1.410156
0.453125
0.000000
0.605469
0.351562
1.449219
0.000000
2.691406
2.222656
0.000000
0.000000
0.476562
0.589844
1.914062
1.050781
2.714844
2.214844
0.000000
0.664062
0.269531
1.375000
0.281250
2.007812
2.167969
1.718750
0.460938
0.480469
0.000000
1.394531
0.000000
1.777344
1.652344
1.011719
1.089844
0.000000
0.000000
1.050781
0.000000
1.171875
1.406250
0.703125
1.558594
0.000000
0.000000
0.816406
0.000000
0.710938
1.457031
0.730469
1.757812
0.000000
0.000000
0.769531
0.000000
0.566406
1.617188
0.800781
1.882812
0.000000
0.000000
0.828125
0.023438
0.484375
1.914062
0.921875
2.054688
0.000000
0.000000
0.945312
0.105469
0.359375
2.300781
1.101562
2.132812
0.000000
0.000000
1.046875
0.234375
0.195312
2.429688
1.289062
1.945312
0.000000
0.000000
0.910156
0.277344
0.000000
1.906250
1.398438
1.386719
0.000000
0.093750
0.460938
0.296875
0.000000
1.312500
1.503906
0.292969
0.000000
0.714844
0.335938
0.636719
0.000000
0.871094
1.601562
0.000000
0.925781
0.800781
0.308594
0.914062
1.132812
1.054688
1.875000
0.000000
2.773438
0.824219
0.875000
0.558594
2.078125
1.007812
1.664062
0.000000
2.394531
0.972656
1.003906
0.000000
1.796875
0.710938
1.031250
0.000000
1.082031
0.808594
0.953125
0.000000
0.843750
0.125000
0.457031
0.085938
0.144531
0.476562
0.410156
0.000000
0.285156
0.000000
0.000000
0.000000
0.000000
0.000000
0.000000
0.000000
0.000000
0.000000
0.000000
0.000000
0.000000
0.000000
0.000000
0.000000
0.000000
0.000000
0.000000
0.000000
0.000000
0.000000
0.000000
0.000000
0.000000
0.000000
0.000000
0.015625
0.000000
0.066406
0.000000
0.000000
0.000000
0.000000
0.000000
0.359375
0.000000
0.554688
0.000000
0.000000
0.000000
0.000000
0.128906
0.253906
0.000000
0.777344
0.000000
0.058594
0.000000
0.871094
0.925781
0.000000
0.000000
