0.000000
0.000000
0.000000
0.000000
0.000000
0.000000
0.000000
0.000000
0.000000
0.000000
0.000000
0.000000
0.000000
0.000000
0.000000
0.000000
0.000000
0.000000
0.000000
0.000000
0.000000
0.000000
0.000000
0.000000
0.273438
0.039062
0.304688
0.000000
0.000000
0.125000
0.000000
0.000000
1.503906
0.679688
1.925781
0.000000
0.000000
0.597656
0.312500
0.000000
2.554688
1.421875
2.296875
0.000000
0.000000
0.949219
0.765625
0.273438
2.824219
1.785156
1.984375
0.000000
0.000000
1.148438
0.562500
0.683594
2.824219
1.832031
1.707031
0.000000
0.031250
1.156250
0.226562
1.167969
1.964844
1.500000
1.046875
0.820312
0.000000
1.113281
0.000000
1.742188
0.535156
0.386719
0.273438
0.800781
0.000000
0.406250
0.000000
0.957031
0.000000
0.000000
0.019531
0.042969
0.000000
0.000000
0.000000
0.000000
0.000000
0.000000
0.000000
0.000000
0.000000
0.000000
0.000000
0.000000
0.000000
0.000000
0.000000
0.000000
0.000000
0.000000
0.000000
0.000000
0.000000
0.000000
0.000000
0.000000
0.000000
0.000000
0.000000
0.000000
0.011719
0.000000
0.035156
0.000000
0.000000
0.000000
0.000000
0.000000
1.496094
0.519531
1.460938
0.000000
0.000000
0.507812
0.042969
0.000000
2.332031
1.753906
2.199219
0.000000
0.589844
0.753906
1.191406
0.000000
2.535156
1.929688
1.535156
0.417969
1.531250
0.710938
0.863281
0.398438
2.796875
2.136719
0.000000
0.839844
2.234375
0.843750
0.480469
0.417969
3.132812
2.492188
0.000000
0.042969
2.082031
1.109375
0.828125
0.800781
2.953125
2.910156
0.000000
1.125000
1.261719
1.359375
1.312500
2.335938
1.660156
1.843750
0.000000
1.648438
0.664062
1.191406
0.000000
2.289062
0.113281
0.000000
0.000000
0.425781
0.000000
0.242188
0.000000
0.250000
0.000000
0.000000
0.000000
0.000000
0.000000
0.000000
0.000000
0.000000
0.000000
0.000000
0.000000
0.000000
0.000000
0.000000
0.000000
0.000000
0.000000
0.000000
0.000000
0.000000
0.000000
0.000000
0.000000
0.000000
0.031250
0.000000
0.062500
0.000000
0.042969
0.000000
0.000000
0.000000
1.332031
0.570312
1.054688
0.000000
0.921875
0.179688
0.070312
0.000000
1.425781
1.687500
0.929688
0.500000
1.269531
0.027344
1.671875
0.218750
0.824219
1.695312
0.000000
1.984375
1.558594
0.488281
0.593750
1.195312
0.000000
1.398438
0.000000
1.386719
1.593750
0.480469
0.144531
0.652344
1.082031
1.816406
1.226562
0.000000
1.289062
0.617188
0.980469
0.000000
2.558594
3.093750
1.246094
1.171875
0.906250
1.285156
2.371094
2.101562
1.968750
2.410156
0.000000
2.398438
0.808594
1.355469
0.589844
2.734375
0.300781
0.332031
0.000000
0.726562
0.488281
0.628906
0.000000
0.636719
0.000000
0.000000
0.000000
0.000000
0.000000
0.000000
0.000000
0.000000
0.000000
0.000000
0.000000
0.000000
0.000000
0.000000
0.000000
0.000000
0.000000
0.000000
0.000000
0.000000
0.000000
0.000000
0.000000
0.000000
0.000000
0.000000
0.007812
0.000000
0.027344
0.000000
0.000000
0.000000
0.000000
0.000000
0.171875
0.000000
0.671875
0.000000
0.000000
0.000000
0.000000
0.878906
0.000000
1.156250
0.792969
0.023438
1.355469
0.355469
0.476562
1.339844
0.328125
1.945312
0.902344
0.812500
0.574219
1.136719
1.078125
0.765625
1.515625
0.808594
0.109375
0.734375
0.027344
0.457031
1.289062
1.082031
2.082031
0.000000
0.000000
0.460938
0.941406
0.000000
1.671875
2.367188
1.265625
2.156250
0.566406
0.980469
2.156250
1.929688
1.671875
2.285156
0.000000
2.777344
0.953125
1.285156
0.464844
2.558594
0.316406
0.613281
0.007812
0.597656
0.738281
0.703125
0.000000
0.667969
0.000000
0.000000
0.000000
0.000000
0.000000
0.000000
0.000000
0.000000
0.000000
0.000000
0.000000
0.000000
0.000000
0.000000
0.000000
0.000000
0.000000
0.000000
0.000000
0.000000
0.000000
0.000000
0.000000
0.000000
0.000000
0.000000
0.000000
0.000000
0.000000
0.000000
0.000000
0.000000
0.000000
0.000000
0.078125
0.000000
0.000000
0.000000
0.000000
0.000000
0.523438
0.199219
0.714844
0.453125
0.000000
0.300781
0.253906
0.222656
1.785156
0.949219
2.269531
0.000000
0.000000
0.824219
0.550781
0.167969
2.312500
1.289062
2.378906
0.000000
0.000000
0.917969
0.445312
0.000000
1.695312
1.578125
2.007812
0.000000
0.652344
0.398438
1.046875
0.683594
0.898438
1.828125
0.000000
2.816406
0.835938
1.027344
1.117188
2.062500
0.917969
1.609375
0.101562
2.449219
0.941406
1.078125
0.000000
1.812500
0.156250
0.542969
0.242188
0.175781
0.496094
0.472656
0.000000
0.312500
0.000000
0.000000
0.000000
0.000000
0.000000
0.000000
0.000000
0.000000
0.000000
0.000000
0.000000
0.000000
0.000000
0.000000
0.000000
0.000000
0.000000
0.000000
0.000000
0.000000
0.000000
0.000000
0.000000
0.000000
0.000000
0.000000
0.000000
0.000000
0.000000
0.000000
0.000000
0.000000
0.085938
0.000000
0.121094
0.000000
0.042969
0.000000
0.000000
0.000000
1.625000
0.652344
1.425781
0.000000
0.214844
0.519531
0.199219
0.000000
2.566406
1.980469
2.015625
0.000000
0.933594
0.792969
1.324219
0.000000
2.398438
1.949219
1.171875
0.000000
1.062500
0.703125
0.558594
0.253906
2.128906
2.656250
0.000000
0.964844
0.921875
1.300781
1.050781
1.613281
2.300781
2.687500
0.332031
2.289062
0.269531
1.925781
0.898438
2.675781
1.027344
1.328125
0.691406
1.402344
0.074219
1.136719
0.000000
1.652344
0.003906
0.011719
0.101562
0.175781
0.000000
0.066406
0.000000
0.000000
0.000000
0.000000
0.000000
0.000000
0.000000
0.000000
0.000000
0.000000
0.000000
0.000000
0.000000
0.000000
0.000000
0.000000
0.000000
0.000000
0.000000
0.000000
0.000000
0.000000
0.000000
0.000000
0.000000
0.000000
0.000000
0.000000
0.000000
0.000000
0.000000
0.000000
0.000000
0.000000
0.046875
0.000000
0.089844
0.000000
0.082031
0.000000
0.000000
0.000000
0.621094
0.433594
0.457031
0.000000
1.031250
0.000000
0.117188
0.000000
0.976562
1.464844
0.000000
0.433594
1.753906
0.000000
1.300781
0.000000
1.335938
2.136719
0.000000
0.828125
2.210938
0.695312
0.597656
0.058594
2.621094
2.906250
0.000000
0.242188
1.800781
1.539062
1.269531
1.000000
3.148438
3.148438
0.398438
0.921875
1.351562
1.851562
1.542969
2.269531
2.210938
2.347656
0.187500
1.515625
0.804688
1.398438
0.195312
2.390625
0.429688
0.265625
0.000000
0.964844
0.117188
0.445312
0.000000
0.730469
0.000000
0.000000
0.000000
0.000000
0.000000
0.000000
0.000000
0.000000
0.000000
0.000000
0.000000
0.000000
0.000000
0.000000
0.000000
0.000000
0.000000
0.000000
0.000000
0.000000
0.000000
0.000000
0.000000
0.000000
0.000000
0.000000
0.000000
0.000000
0.000000
0.000000
0.000000
0.000000
0.000000
0.000000
0.015625
0.000000
0.000000
0.000000
0.000000
0.000000
0.000000
0.000000
0.078125
0.000000
0.164062
0.000000
0.000000
0.000000
0.000000
0.218750
0.144531
0.601562
0.117188
0.023438
0.667969
0.011719
0.000000
0.652344
0.460938
0.687500
0.597656
0.253906
0.437500
0.070312
0.406250
1.230469
0.527344
0.000000
0.906250
0.230469
1.074219
0.000000
2.671875
2.968750
0.660156
0.000000
0.964844
1.265625
2.285156
1.050781
2.554688
3.031250
0.000000
2.238281
1.003906
1.343750
2.031250
2.542969
0.882812
1.187500
0.000000
1.558594
0.703125
0.972656
0.000000
1.324219
0.000000
0.000000
0.000000
0.000000
0.000000
0.000000
0.000000
0.000000
0.000000
0.000000
0.003906
0.000000
0.000000
0.000000
0.000000
0.000000
0.378906
0.101562
0.515625
0.000000
0.000000
0.183594
0.000000
0.000000
0.445312
0.351562
1.058594
0.000000
0.000000
0.191406
0.199219
0.542969
0.218750
0.125000
0.710938
0.234375
0.000000
0.132812
0.000000
0.328125
0.000000
0.000000
0.023438
0.019531
0.000000
0.000000
0.000000
0.000000
0.000000
0.000000
0.000000
0.000000
0.000000
0.000000
0.000000
0.000000
0.000000
0.000000
0.085938
0.000000
0.000000
0.000000
0.000000
0.000000
0.003906
0.000000
0.968750
0.000000
0.097656
0.000000
0.000000
0.000000
1.390625
1.734375
1.156250
0.000000
0.199219
0.558594
2.121094
0.000000
1.957031
2.812500
0.000000
2.550781
0.742188
1.339844
2.476562
2.734375
1.074219
1.441406
0.000000
1.835938
0.683594
1.132812
0.000000
1.414062
0.000000
0.000000
0.000000
0.000000
0.000000
0.000000
0.000000
0.000000
0.058594
0.000000
0.089844
0.000000
0.003906
0.000000
0.000000
0.000000
1.726562
0.664062
1.402344
0.000000
0.000000
0.484375
0.238281
0.000000
2.222656
1.804688
1.570312
0.000000
0.000000
0.816406
1.359375
1.351562
1.539062
1.320312
0.492188
0.792969
0.000000
0.890625
0.000000
1.878906
0.468750
0.121094
0.789062
0.171875
0.000000
0.433594
0.000000
0.531250
0.441406
0.164062
0.941406
0.000000
0.000000
0.242188
0.000000
0.160156
0.972656
0.437500
1.691406
0.000000
0.000000
0.417969
0.035156
0.113281
1.531250
0.722656
2.375000
0.000000
0.000000
0.656250
0.160156
0.000000
1.265625
1.542969
1.828125
0.000000
0.347656
0.359375
1.656250
0.449219
1.671875
2.226562
0.000000
2.710938
0.933594
1.308594
2.015625
2.554688
1.019531
1.378906
0.000000
1.761719
0.820312
1.101562
0.000000
1.332031
0.000000
0.000000
0.000000
0.000000
0.000000
0.000000
0.000000
0.000000
0.050781
0.000000
0.089844
0.000000
0.066406
0.000000
0.000000
0.000000
1.214844
0.636719
0.714844
0.000000
0.777344
0.082031
0.218750
0.000000
2.691406
2.300781
0.453125
0.000000
0.734375
0.812500
2.093750
1.050781
3.367188
3.082031
0.765625
0.664062
1.027344
1.824219
1.347656
2.007812
2.839844
2.136719
1.558594
0.000000
0.308594
1.562500
0.000000
1.250000
2.773438
1.640625
1.882812
0.000000
0.000000
1.179688
0.167969
0.679688
2.816406
1.847656
2.132812
0.000000
0.437500
1.093750
0.234375
0.359375
2.429688
1.828125
1.945312
0.000000
1.312500
0.910156
0.355469
0.101562
1.312500
1.601562
0.292969
2.199219
1.421875
0.367188
0.914062
1.343750
1.054688
1.875000
0.000000
2.773438
1.195312
1.003906
0.558594
2.078125
0.710938
1.031250
0.203125
1.082031
0.808594
0.953125
0.000000
0.843750
0.000000
0.000000
0.000000
0.000000
0.000000
0.000000
0.000000
0.000000
0.000000
0.000000
0.011719
0.000000
0.007812
0.000000
0.000000
0.000000
0.000000
0.000000
0.109375
0.000000
0.648438
0.000000
0.000000
0.000000
1.480469
1.636719
0.000000
0.000000
0.945312
0.500000
1.820312
0.000000
3.269531
3.039062
0.000000
0.089844
2.148438
1.375000
1.656250
0.843750
3.156250
2.742188
0.000000
0.214844
2.546875
1.363281
0.804688
0.824219
2.875000
2.203125
0.000000
0.394531
2.464844
0.953125
0.417969
0.515625
2.433594
2.070312
0.000000
0.972656
2.246094
0.628906
0.363281
0.343750
1.324219
1.671875
0.000000
1.539062
1.949219
0.292969
0.324219
0.695312
0.199219
1.589844
0.000000
2.214844
1.750000
0.796875
0.320312
1.417969
0.589844
1.375000
0.410156
1.894531
0.910156
0.886719
0.000000
1.386719
0.160156
0.589844
0.300781
0.175781
0.390625
0.500000
0.000000
0.277344
0.000000
0.000000
0.000000
0.000000
0.000000
0.000000
0.000000
